-0.391255984045413 -0.6641363951106649 1.0 1.0 44.66044
-0.4503985893960528 -1.9933101214456692 1.0 2.0 48.48019
-2.0250242830460983 -0.19424687873102683 1.0 1.0 44.0196
0.01984914223691868 -0.7583969665567545 2.0 2.0 52.37492
0.07675514446348981 0.3475050074183593 3.0 1.0 60.49409
-3.089992898560915 0.8141716944565437 1.0 1.0 50.05833
2.161927815412198 0.37972536009937446 3.0 3.0 60.59375
-2.3281481419664254 1.2339309644068543 0.0 0.0 33.22979
-3.706949013320339 2.2850782222910557 0.0 0.0 32.23069
-2.080608616387388 -0.1568171254530291 0.0 0.0 30.5932
-2.256855436553219 0.49731794255730993 0.0 0.0 33.6933
2.429189999291626 0.2346281643821344 3.0 3.0 61.46238
0.33799994077559864 0.0064660120370492865 2.0 2.0 53.34677
1.4706761288469812 0.8697349759360992 3.0 3.0 60.97584
0.019481806501672746 -3.1375883887852782 2.0 2.0 57.09135
2.6490170748366584 0.3289306175100578 3.0 3.0 67.27983
2.2039139707269446 1.24369762315278 3.0 3.0 63.56801
2.217309129611616 0.8559378730583855 3.0 3.0 67.23998
-2.226425497126452 0.18750423817994177 1.0 1.0 42.31552
0.8691944329205956 0.2875037803738368 0.0 3.0 32.24076
2.762845086176278 0.9128026602975217 3.0 3.0 65.90397
-1.9046488877976868 2.8168649851218777 0.0 0.0 31.98066
1.8055311767637285 -1.2880865170917448 2.0 2.0 59.88743
-0.05000832222130484 -0.24293044772206643 2.0 1.0 51.02354
-1.8998765940475548 0.4006436504022136 1.0 1.0 38.95847
1.6139478863408083 0.29673526546006523 3.0 3.0 62.24162
-0.621705007124407 -3.3484162758778546 2.0 2.0 58.45781
-1.2634556747006263 -0.025316970522851864 1.0 1.0 47.09334
0.07593258577874804 -0.34060879342324496 2.0 2.0 55.9276
-1.7929776091251366 -1.0952428546076032 1.0 1.0 45.1373
1.7966846760850248 1.2601158532940995 3.0 3.0 62.26395
0.562294125233213 -0.44712572770073106 2.0 2.0 53.37073
1.0046051566152538 -2.540008121519435 2.0 2.0 53.38327
1.8056992870322717 0.45055973900599344 3.0 3.0 61.79596
-1.3759610858606408 -1.1507999317068096 1.0 1.0 46.7304
-0.4999066691141554 -0.2252564448272825 2.0 2.0 53.17572
2.6683527183794022 1.225421067063043 3.0 3.0 63.18942
1.4427186469964959 0.0019903908092355257 2.0 3.0 59.35451
-1.2744006079681616 -0.19646015538652423 1.0 1.0 50.13707
0.743932210715493 -1.6615262421528616 2.0 2.0 56.39041
1.4784432096003226 -1.1316811142638452 2.0 2.0 52.02441
3.15044378547098 1.0127995918218622 3.0 3.0 66.87815
1.9138202073650277 1.4714937409721385 3.0 3.0 64.6441
-0.7694865717071873 -1.717711472802103 1.0 1.0 42.94713
-0.3708995552932711 -1.8805894652068398 2.0 2.0 55.72607
-1.7094282652090078 1.5239147359838014 1.0 0.0 37.20258
-0.3636865157401288 -2.120452400009461 2.0 2.0 57.64775
-0.9485615897297113 -0.8150374897472604 0.0 2.0 26.36522
-3.259300319650148 -0.39125345361833963 1.0 1.0 38.53578
3.0837513158576635 -1.3376624820904601 2.0 3.0 59.08978
-2.625298538047266 3.2252237643861297 0.0 0.0 35.37104
-1.079617703207412 -0.3726260349030993 2.0 2.0 51.17675
-2.3340850158689324 -0.7407104399017495 1.0 1.0 48.20631
-1.7963172572963908 -0.22438565221842832 2.0 0.0 59.11696
-1.4291180643514276 -0.2500406601497241 2.0 0.0 59.615
2.7485734397114965 0.04664937953279697 3.0 3.0 63.41255
1.5594419764198997 1.6359487669442452 3.0 3.0 64.40119
3.3510163665768564 -0.16888481224777915 3.0 3.0 60.68845
0.3087576043867995 -1.2709751754682457 2.0 2.0 51.24075
-0.9382116078395407 -0.5012111632865602 2.0 1.0 57.21193
2.6794665877889376 0.7644043110055065 3.0 3.0 67.28467
0.12023157744817156 0.14927777180509624 0.0 2.0 31.67891
-2.4797766578733076 0.8700670229917937 1.0 0.0 37.37698
2.945302520282832 0.17552723187170238 3.0 3.0 64.94071
-0.45441711062756274 -1.6451573014500858 2.0 2.0 54.87211
0.02637245366792638 -2.599887284896103 2.0 2.0 58.36243
-2.4570642670343705 0.7515862020120596 1.0 1.0 38.91592
2.289318798046987 -0.1613583759702143 2.0 3.0 58.72277
2.1870594850073246 -1.140086304103644 3.0 2.0 60.62047
1.5475048279000396 -0.5109120980996548 2.0 2.0 55.83002
2.2027559382560837 -0.3958018566309225 3.0 3.0 61.20334
-1.8159042344150578 -0.3927873972631492 1.0 1.0 47.80108
-2.3095800518142187 0.3258284109193995 1.0 0.0 38.54524
-1.9123050007781237 0.8794771457503452 1.0 0.0 37.17135
-1.25992504462311 -1.6111176082309027 1.0 1.0 44.18904
2.0348432754260775 -0.5252479085156924 2.0 3.0 59.94698
2.0349956168868273 0.6279841527388871 3.0 3.0 65.08473
0.8223893102463554 -1.7897811068266651 3.0 2.0 60.67573
0.5588000725394703 -0.7216060583459645 2.0 2.0 54.8941
2.1685692415054003 -0.21233993216782876 3.0 3.0 62.5473
-2.7497952125514824 0.523822434264707 0.0 0.0 33.43189
-1.7929776091251366 -1.0952428546076032 1.0 1.0 49.27659
-3.32823016852907 2.5699447211755957 0.0 0.0 29.79793
-0.734160980750615 -0.4921108664814706 2.0 2.0 51.22873
-1.1077618911458333 -1.7198956099846263 2.0 1.0 52.48997
2.1781176194741074 1.3624884082648654 3.0 3.0 63.09161
-1.4804764725950692 0.9880021935757888 1.0 1.0 49.93669
-1.7928967456097344 -3.332725743362981 1.0 1.0 50.84696
-2.3449387292121675 0.02180863571119551 1.0 1.0 40.47024
0.6442085531906611 -1.4528958116829571 1.0 2.0 48.26299
-2.3302193096880695 -0.30537623059540153 1.0 1.0 43.48575
3.2411032496956267 0.9328042202086091 3.0 3.0 65.79574
-2.9346853084874684 1.1260466708318833 1.0 1.0 40.91541
1.102126706487927 -0.6443273315006048 3.0 2.0 61.81787
-1.9883373726619555 -1.0865439513919888 1.0 1.0 50.4557
-2.176589408456497 -0.9574501930373988 1.0 1.0 46.47512
2.154477516809704 0.17891120511581907 2.0 3.0 56.79912
-2.8445145726128525 -0.35404957848971624 0.0 0.0 25.83622
-2.01116131533814 0.035160399835671256 1.0 1.0 49.69316
-2.1282607916966914 0.9578901876562751 0.0 1.0 35.08227
-2.8942582063187516 -1.4581198809983014 1.0 1.0 46.68389
-1.4246582631815592 -1.3865596916253267 1.0 1.0 44.38575
-0.29739198520535265 -0.9372113575487019 1.0 1.0 48.81582
0.4103464239616742 -0.7125642834902483 2.0 2.0 51.83075
0.889385909408989 0.675885205581321 2.0 3.0 59.22666
1.867256561277905 0.2555436334028836 3.0 3.0 62.14789
1.5865513477490323 1.1766522677740117 3.0 3.0 63.797
-2.1061498240278795 -0.006974799571583335 0.0 1.0 35.45725
-1.9127151924758874 1.935460053887295 0.0 0.0 32.00744
3.9051529064980923 2.227987390753774 2.0 3.0 55.71827
-2.728439863659564 0.05676911052078444 1.0 0.0 47.35918
0.9794909786429504 -1.7659342312759863 2.0 2.0 56.19148
-1.4449779667259819 -0.35566271424624984 1.0 1.0 48.6358
-1.4727724831609943 2.3295884207887156 0.0 0.0 32.62386
-1.7788870409610176 0.3266910697715341 1.0 0.0 40.61076
-1.45706083615456 0.6847738662985632 0.0 0.0 34.53794
-3.615890707493379 0.9139885420669094 1.0 1.0 41.64434
-0.9370248559325864 2.6904746842979104 0.0 0.0 30.60009
-3.063803051531091 0.3405713943394121 1.0 1.0 41.21697
-0.4415253429061656 -1.570999615414405 2.0 2.0 51.20312
1.7724597007623843 -0.5563899536465934 3.0 2.0 63.14917
-2.64074665240469 2.4335313219581147 0.0 0.0 25.21662
-2.0095195984058734 1.9056938023220515 0.0 0.0 31.50071
-1.3471051604102426 1.3653929860201592 0.0 0.0 29.83806
-0.08658119428923461 0.19584584822971032 3.0 1.0 64.24443
0.8205045552088202 0.7597040808010165 3.0 3.0 63.4416
-1.7521742801321867 -0.11813996750987636 1.0 1.0 37.81394
-2.4266800266524666 1.309151363962128 0.0 0.0 27.38431
-2.2416719415062625 1.3699461374931075 0.0 0.0 31.17851
2.8649417434043523 1.6017615868138744 3.0 3.0 61.51065
2.1628962098356133 -0.33866416648213626 2.0 3.0 59.24674
-1.2243520069264973 -1.2892782148406234 1.0 1.0 50.18239
-1.1016163752092527 -2.012781234565322 1.0 1.0 49.40764
0.8583758821316446 -0.5013957920683515 2.0 2.0 56.62723
0.5027989914420375 0.771185991683044 3.0 3.0 62.40377
1.162416565237132 0.7292575327103096 2.0 3.0 59.33248
1.9760829001526525 1.5202907322500991 3.0 3.0 65.43504
-1.3035774491817178 -0.3274934306250199 0.0 0.0 35.4391
-1.8476423581560513 -1.053492200909237 1.0 1.0 50.76657
-1.0796177032074121 -0.3726260349030992 0.0 2.0 31.01888
-0.9468705369787752 -2.591458319888668 1.0 1.0 49.15295
-2.041678604051795 0.4906814034917336 0.0 1.0 31.9374
1.9507444794826343 0.4303068898705628 3.0 3.0 60.89465
-1.7831320824604833 1.1577619359272076 0.0 0.0 29.93596
1.145628549384997 0.9618101366867376 3.0 3.0 61.80673
0.7399693532913855 -0.61508755297294 1.0 2.0 44.73271
1.4394715675865077 -0.9456054153527537 2.0 2.0 57.50505
-1.5494968871332497 1.990457829359043 0.0 0.0 30.08118
2.4546994932878863 0.34789234792710416 3.0 3.0 60.94271
2.350427570452259 1.266854133200518 3.0 3.0 63.43716
-1.9085001481691775 1.1282353335727007 1.0 0.0 37.07696
-1.626875381078252 -0.055772540479103946 0.0 1.0 30.21673
-1.437547047685956 1.257144585942808 0.0 0.0 33.80171
2.377092351825856 -0.9337774513702145 3.0 3.0 60.3512
-1.947285059163954 1.993785977085932 0.0 0.0 33.81715
-0.6017329449230382 -0.9450822352632846 2.0 2.0 53.36094
-1.903215539395235 2.9213239089164493 0.0 0.0 34.50391
0.7875444632916138 -1.980642629215287 2.0 2.0 59.22101
0.24094396794018075 -1.1909844534290257 2.0 2.0 58.71526
-1.1543918241473572 0.39600429058351855 0.0 0.0 36.382
0.07102218914118395 -2.4346214604649714 2.0 2.0 58.71243
0.6940137664103002 -0.5145634931242445 2.0 2.0 57.13928
1.2899263366906972 -2.053768646733437 2.0 2.0 54.93569
2.19284359328823 -1.6373855695016017 2.0 2.0 53.55311
1.8673653529364602 1.2816752630528916 3.0 3.0 64.42376
-0.3765843413051612 -0.5705697783120264 2.0 2.0 59.92106
-0.18776504819569442 0.06707425104794283 1.0 2.0 50.68558
-2.1136131138309944 -0.5123338979426884 1.0 1.0 37.39822
0.32879721073493745 -1.8781426953323845 1.0 2.0 45.57212
1.573792489091066 0.16054609424055818 3.0 3.0 65.17487
2.7227678479759385 1.6640388464492875 3.0 3.0 65.37746
-3.132820899206977 -0.15314856989753642 1.0 1.0 49.79223
1.3027003249357667 0.15207644944250218 2.0 2.0 55.23471
1.9024369431202282 -1.4726048564776215 2.0 2.0 53.0931
2.9591086376922036 1.749271421332313 3.0 3.0 63.74003
0.2820482742957255 0.2812649132061397 2.0 3.0 54.0695
0.3571159636569376 -1.9775245582033159 1.0 2.0 43.00834
-1.671751797596243 -1.0181728067775198 2.0 1.0 55.39782
2.1616968797343312 2.205111173673422 3.0 3.0 62.92502
2.5878918205671875 0.883530096380726 3.0 3.0 66.12908
-0.10824377408041345 -0.826120666690391 2.0 2.0 58.82581
1.5190458705531704 -2.6143191070464997 2.0 2.0 57.3687
1.3026802281613745 -0.8567258452067779 2.0 2.0 53.31026
2.07094584628319 -0.2397471479189453 2.0 3.0 59.55818
-1.622148625204877 -1.277906701473096 1.0 1.0 37.06961
-2.6645578379969836 -0.34022249719309783 1.0 1.0 44.92421
1.370944241491543 -1.2172681576855637 2.0 2.0 57.68083
0.8708446514823922 -0.6962180615645723 2.0 2.0 58.7369
0.08115316095241304 -1.465251859465727 2.0 2.0 54.70577
-1.749350179279861 -0.574616131437719 1.0 1.0 42.97546
0.8489375144744716 0.34194198598437375 2.0 2.0 59.31839
3.528010855897606 1.0592825028910557 3.0 3.0 60.94824
-2.2531721165680603 0.482155916544809 1.0 0.0 40.00135
-0.6546630601307463 -0.8638520302004351 2.0 2.0 52.50256
-1.2917294400486388 -0.24737800534213308 2.0 1.0 51.93046
-0.9659194793127286 -2.522596222539976 2.0 2.0 56.11812
0.35343608960794826 -0.5853637704882774 2.0 2.0 54.91813
2.405491965660305 0.48721037861625205 3.0 3.0 65.71367
-2.090780438606867 0.11470777821408913 0.0 1.0 33.72045
3.4962831071595484 2.56431443054987 3.0 3.0 66.45795
-1.775955805414233 0.2895031774142219 1.0 0.0 41.10635
0.22785182530832088 -1.2831928477711383 2.0 2.0 54.61329
-0.8328728391240902 -1.1828472435256796 1.0 1.0 41.97337
0.8794926260531551 -2.811276242662973 2.0 2.0 53.66284
0.9209092432000318 -0.7163236158470062 2.0 2.0 58.96673
0.1844470468701526 -0.4220936419614097 1.0 1.0 49.57524
-1.223141932869729 -0.9768063807431969 0.0 1.0 35.61262
-1.6738998115455757 0.5999596148384955 1.0 1.0 39.91575
-0.23286807450388236 0.30464090594969934 1.0 1.0 40.24002
0.8911122427562289 -2.394446352760124 2.0 2.0 59.22715
2.691560116528355 0.7417341453567837 2.0 3.0 57.95424
1.654489338726352 -2.8291492241177854 2.0 2.0 56.2059
-2.152188956306221 -0.5867924454693868 1.0 1.0 48.46682
2.672286219078914 -0.974245368652168 2.0 3.0 59.61813
2.9903681160372333 1.3511136946894238 3.0 3.0 63.85365
-0.2718963834262783 0.3037093378075739 0.0 2.0 31.94301
-2.9078560977482457 0.4126679895515516 0.0 0.0 36.50194
-0.573649638467403 -0.6731876136353837 1.0 1.0 44.36741
1.6582047918653875 0.017795358953233226 3.0 3.0 61.42412
-1.2177387470550054 -0.5468855813059864 0.0 2.0 33.79956
-0.8749832636726819 0.7746630970128432 0.0 0.0 31.41115
1.2737929023451529 -0.5874505330287842 1.0 3.0 40.81687
1.1621143560584635 0.44277300329291724 2.0 2.0 55.09128
-0.2775343288821374 -0.39793413256816085 1.0 2.0 49.12104
0.8275180352121758 -0.37359083965977585 2.0 2.0 54.51476
3.118962961588427 1.715214325595826 3.0 3.0 60.68009
-1.5557080747169953 0.6240444255987626 1.0 1.0 45.80596
-1.4697015620850629 -0.8035447616976439 2.0 2.0 54.80119
0.7243787040259034 -2.966076521860851 2.0 2.0 57.36059
3.6293995620243384 0.6059871392798 3.0 3.0 62.32103
0.26235560858375073 -1.0470342017600167 2.0 2.0 51.60588
0.5654298812092007 -2.678977709458766 2.0 2.0 58.11069
1.6144146611670263 0.6840436770859553 3.0 3.0 62.58165
2.7184317784038203 0.8216823545339061 2.0 3.0 57.20284
-2.257184765019151 2.4664140146963405 0.0 0.0 35.41714
2.002753510432891 0.537703381666662 3.0 3.0 63.41167
1.3825949586661481 2.062580974649264 3.0 3.0 61.96182
2.3255580048307847 -1.1163205176600668 3.0 3.0 62.0821
-1.4108817294066311 1.0948296244026319 0.0 0.0 33.0085
2.3224108015072913 0.6495656998614188 3.0 3.0 61.90385
1.594158714377519 -0.9034666312714689 3.0 2.0 62.04504
2.018814635087184 1.4442395194352282 3.0 3.0 64.30584
1.5655419466053568 0.3905821619923866 3.0 3.0 67.92645
-2.5049488021725863 0.8407083044245578 0.0 0.0 26.28734
-2.0335858053592752 0.9041578147991765 0.0 0.0 29.56546
-0.05523813851608205 -0.2983225904380212 1.0 2.0 47.7317
1.853895878419732 -0.5352138216085899 3.0 3.0 61.3175
-2.881214652853264 2.024570272395294 0.0 0.0 36.08389
-2.549621237427391 1.245522583279131 0.0 0.0 34.19329
-0.06770398768777017 0.5306532239782716 0.0 1.0 26.99351
-1.8402805774879563 2.62239673656373 0.0 0.0 29.97694
-3.155772542340423 0.7699736467875676 0.0 0.0 32.73716
1.6150328905871916 1.537941713714951 2.0 3.0 59.76734
-2.1943039299459315 0.7330457883700863 0.0 0.0 25.98646
0.44155540916947406 -1.106566463035331 2.0 2.0 55.52064
-0.6595197845392137 -0.6806718202711386 0.0 2.0 34.52825
-0.043804632504700694 -0.7094123211176336 2.0 2.0 55.33638
-1.1287816477062067 -1.0929556567814551 1.0 1.0 48.00514
1.7432026083624086 0.4393965224719803 2.0 3.0 57.48498
3.410444615997242 -1.4719539909778105 3.0 2.0 62.54301
-2.986206263150654 2.904082989944881 0.0 0.0 33.49096
0.40196992511606067 2.259593055050766 3.0 3.0 65.01269
2.1957319926067584 -1.2940072467387724 3.0 2.0 60.18934
2.3251906051538223 1.5956493867074422 3.0 3.0 64.39169
-1.630934828571693 -0.30261456051100755 1.0 1.0 50.24971
-1.4386937747147848 0.21486919200480772 0.0 0.0 24.44946
-1.8952636042982192 0.12560208577522702 0.0 1.0 29.82413
2.7700755327804623 1.7708862893384487 3.0 3.0 61.0334
-1.8449042870451413 -1.8430468852666373 1.0 1.0 46.90109
-1.8158858684335752 -0.37316789003964 1.0 1.0 44.49361
-1.4002315089448345 -0.6073213674932632 1.0 1.0 50.96654
0.8176442606844391 -1.4247768328169932 2.0 2.0 55.77219
-1.2177387470550052 -0.5468855813059865 2.0 2.0 52.6826
-2.3569666685815203 0.38704561169918905 0.0 1.0 35.68733
-1.5858071191678969 0.3408752893952739 1.0 1.0 45.56199
-1.070431297366792 -0.28475541388448555 0.0 1.0 27.21982
-1.3064064702354998 0.3900776204355819 1.0 1.0 47.27808
1.2999618665918404 -1.276434972139743 2.0 2.0 58.22075
1.7848256366602104 1.4057731972075564 3.0 3.0 62.62832
-0.4799987743823121 -1.5144034354980223 2.0 2.0 52.33571
0.24260028613234252 1.4003384539615524 3.0 3.0 63.09409
2.8921941149266135 1.4985115868943786 3.0 3.0 62.36461
-0.9317412162375973 -0.8895698616569921 2.0 2.0 55.18
1.2098636015438646 1.2395985893120933 2.0 3.0 54.67286
-2.0472620771320647 0.38480672589360354 1.0 1.0 38.79066
1.8545461342910465 -0.9007357658036089 2.0 2.0 54.93205
1.5015751585275752 -1.4710476886487736 2.0 2.0 53.43837
2.82789576154837 2.1980287266275798 3.0 3.0 65.31565
0.35014468711702 0.03298408516316121 0.0 2.0 28.08175
1.579993187281879 1.3917749076657024 3.0 3.0 61.41612
-0.5256715839128744 -2.075618071603813 2.0 2.0 51.90203
1.2199460267581514 -1.0006261230235398 2.0 2.0 59.96652
-2.614280625398916 0.485537418058177 1.0 1.0 50.81751
1.9690397221927005 0.11939332533881786 2.0 3.0 59.38833
2.112342113749925 0.08205630774365645 3.0 3.0 61.52853
2.469012605458644 1.293596931642228 3.0 3.0 64.36825
-1.8044486909967703 0.17803662250332172 1.0 1.0 43.57101
-1.1951121634833204 0.966183183994754 1.0 1.0 39.68866
1.5399219075700872 0.4609713899655663 3.0 3.0 61.89595
0.9133105006243898 -1.5868337573886135 2.0 2.0 56.37777
2.5367696375077453 1.988563230958582 3.0 3.0 64.10016
2.7623258309255223 1.3236128143835337 3.0 3.0 64.00361
1.657407382443475 1.2193758944452686 2.0 3.0 59.39832
-2.1799774091151485 0.6091800233725663 0.0 0.0 30.68625
-0.4086696746174329 -1.493058747926081 2.0 2.0 52.83548
-0.9418933568292684 0.23782251351261016 1.0 1.0 46.76606
-3.297207249177249 -0.6237306524304792 1.0 1.0 46.92513
-2.41293448989895 2.761361022376219 0.0 0.0 36.50946
2.88665309125603 1.5858689282750966 3.0 3.0 65.7206
2.509442583196513 1.1644831097691217 3.0 3.0 61.15839
1.2475265956401937 0.7184094926393145 3.0 3.0 62.71409
1.124689439433284 2.019108337654803 3.0 3.0 61.63149
2.7211336975859597 -0.4474089818975453 3.0 3.0 61.98322
3.0772772325761295 0.383913095535589 3.0 3.0 60.69311
-2.2584791904542643 1.8501620925904936 1.0 0.0 37.06225
-1.8471410732839648 2.978018185670422 0.0 0.0 34.22576
-1.0786558169113356 -0.9853318447441575 1.0 1.0 46.43921
-1.2034188645837232 -0.7809946310909026 1.0 1.0 40.76028
-2.445212538024725 1.3628624029618546 1.0 0.0 38.20847
-1.670040279196156 -0.44065213263176184 1.0 1.0 48.99666
-0.1414856926313179 0.33192862040783183 2.0 1.0 55.27524
1.162585731865132 -2.334674326030217 2.0 2.0 53.19524
-1.3260042140711736 -0.9951286951584354 2.0 2.0 52.30286
-1.3664398928745685 -1.0343764290750372 1.0 2.0 37.73667
1.8920922011459718 0.39163129183778633 3.0 3.0 60.19563
-2.6939345429427877 2.7424703545034674 0.0 0.0 36.27864
0.6676769906206474 0.46862104579378777 3.0 3.0 63.60364
1.8919230835709275 0.9558287894173888 3.0 3.0 62.50174
2.505713665204917 -0.4109676993095482 1.0 3.0 49.74333
-0.9490193415444019 -0.9663118400723582 2.0 2.0 53.89957
-1.1763871943537882 -0.54165993516526 1.0 2.0 40.0685
2.773278552491273 1.3377830683611052 3.0 3.0 64.26609
1.0273707450550191 -1.7344098595235453 1.0 2.0 49.30874
-2.758865491244721 -0.53644906895638 1.0 1.0 48.46966
1.2755389531153005 0.18878631835686066 2.0 3.0 59.00423
2.8624147889775347 -0.0870193818131611 2.0 3.0 58.93569
-1.2178192691033012 -0.05731118129163353 1.0 1.0 49.21044
-2.2118255814719774 0.6652186057733481 1.0 0.0 37.67383
0.24853126099141232 -1.4027660005070788 2.0 2.0 51.79099
1.0222960718418521 -2.492470364310205 2.0 2.0 53.3215
-1.2940608465267558 -1.4180557024383076 1.0 1.0 50.87776
-1.8311793294926706 2.1433492985596416 0.0 0.0 34.99107
-1.2709843333484951 -0.976489968232856 2.0 2.0 53.6753
0.2845916729997224 -2.710494411581665 2.0 2.0 54.01579
2.6157172959512964 0.4334121911901113 3.0 3.0 61.82423
0.6296491812763094 -1.1996376931798527 2.0 2.0 53.18667
-2.2975223055601877 0.2820452699227855 1.0 1.0 47.10167
-0.02455227989190194 -1.1020813758744599 2.0 2.0 55.33061
-2.2494307899528994 1.2004653599913777 0.0 0.0 32.70428
-1.2518795403091685 -0.7916161316625272 1.0 1.0 38.66419
-0.002125251015590211 -0.8072658837383361 2.0 2.0 56.22844
-0.8618401353030491 -0.566979370639804 0.0 1.0 35.57277
0.0378458236852229 0.48761766012259916 2.0 2.0 57.56281
-1.9713740590076592 -1.1745941866538492 1.0 1.0 48.17547
0.26173246259518945 -0.28309360233560493 2.0 2.0 59.59244
-1.2412003035026247 0.3798392076653111 2.0 1.0 52.15481
0.6862184483624079 2.144403170825202 3.0 3.0 60.86611
-0.24151029068469884 0.33724387193724426 0.0 2.0 31.84784
-1.9774922257055887 -1.1041958201132973 1.0 1.0 41.31392
-0.732677745620374 0.46674985286522486 0.0 1.0 29.77811
0.9985036162938499 -0.4600319191475478 2.0 2.0 58.95069
-0.7931838666611625 -0.15598083510248661 2.0 2.0 58.64932
-1.0040217567674625 0.27049279484895933 0.0 1.0 35.51463
-0.9494391116826575 -3.1599835997973322 1.0 1.0 39.4036
1.8395472836771773 0.3671844600321776 3.0 3.0 67.33061
-1.6269531505226473 1.666774464255861 0.0 0.0 29.68819
-1.810544415903934 0.3002649419348337 0.0 0.0 27.70477
-1.484630261382755 1.6577746517560277 0.0 0.0 35.23866
1.3544713190348965 -1.121137294031227 2.0 2.0 57.48585
1.029023930596983 -0.12205600295503033 2.0 2.0 59.82285
0.5830810214214946 -1.1596922903879867 2.0 2.0 51.1748
-3.297207249177249 -0.6237306524304792 1.0 1.0 49.13444
0.31419667123284567 -0.19792557277386963 3.0 2.0 60.32414
-2.256855436553219 0.4973179425573097 0.0 0.0 31.90266
-3.195810791785368 2.843771623513049 0.0 0.0 32.92825
1.8198997084019992 0.6395523302788986 3.0 3.0 62.0997
-2.127999477541709 -1.4992482840862127 1.0 1.0 41.56175
-2.7257571001606054 -1.202021567357892 1.0 1.0 49.34392
1.324024733957935 0.3392109216157086 3.0 3.0 61.01822
-1.6404917173401972 1.1369225890467798 1.0 0.0 50.8284
-1.860785398409418 -0.7401728565669049 1.0 1.0 38.83173
0.4826293915823295 -0.2695833573720633 2.0 3.0 53.1398
-1.6586105880371844 0.24536770868883753 1.0 1.0 39.40562
-3.011373539084678 2.0057137988347495 1.0 0.0 46.68197
1.4893968529780857 -1.0589499354465535 2.0 2.0 54.95073
2.8868697598694486 1.5068590976031202 3.0 3.0 67.53559
-0.7950598486950052 -0.37130403086045644 2.0 2.0 54.70018
1.9359315019121135 0.586813498695312 3.0 3.0 63.88494
2.341017102453338 -0.433797738706574 2.0 3.0 56.66589
-2.935021154078991 1.8502256437372842 0.0 0.0 31.67947
-1.9707031235084702 0.7071799789007528 1.0 1.0 44.57487
-0.596776657941477 -0.6647810317811277 2.0 2.0 54.01014
-1.5027882448773333 1.315529752244545 0.0 0.0 30.19755
0.3871054757159338 -2.769259991644205 2.0 2.0 52.12053
-1.3217706806018246 0.23049407412586015 1.0 1.0 37.50614
-2.5020454796459046 0.7805788292458834 0.0 0.0 35.33512
-2.0495217934008885 3.799770075397275 0.0 0.0 35.90088
1.836637774234577 0.2786946484555523 3.0 3.0 63.24373
2.9305799467691855 0.01402279813006554 3.0 3.0 61.30506
1.4221942064495512 -3.2271479516977815 2.0 2.0 54.20851
0.22436718064339328 1.1876716680384793 3.0 3.0 65.71124
-0.175626630930902 -0.8386818312532284 2.0 2.0 53.49103
-3.011373539084678 2.0057137988347495 0.0 0.0 25.04042
-1.6157017319514897 2.2910530840956964 0.0 0.0 29.78767
3.211389411206602 0.3302364487719549 3.0 3.0 61.18179
2.6778054378569918 -0.48067171945028137 2.0 3.0 57.63399
1.898554885738178 1.2409652463302545 3.0 3.0 63.88345
0.13066940454043455 -1.5181817821731074 2.0 2.0 56.39782
-0.144248455696642 -1.2030321555030457 2.0 2.0 54.727
1.2259283199511153 0.5803326508024341 3.0 3.0 62.50344
-1.5103954112083362 1.0423397365468803 0.0 0.0 35.51258
1.0156036190126894 -1.8173699917385029 2.0 2.0 56.48394
-2.6970604074714735 0.17712416306615006 1.0 1.0 43.95443
-1.6560075317668708 1.394713165431726 0.0 0.0 34.17058
-0.5788195204996859 -1.5566098221327394 2.0 2.0 51.7167
0.9903301721468764 0.04772193795738077 1.0 2.0 44.79302
0.4994927102559497 -2.331004404512758 2.0 2.0 53.63771
1.7542361530294823 -1.3913186608120098 2.0 2.0 59.03213
-2.0777867499232925 -1.0315114732914135 1.0 1.0 45.32915
-1.420056835684614 0.9138996983384274 2.0 0.0 51.86655
0.28351845017740857 -1.1063107011029851 2.0 2.0 58.1809
1.8237083506977074 0.9827726147033933 3.0 3.0 64.78288
-1.3356235234694556 0.18334933728618377 0.0 0.0 36.63139
0.5301036735485942 0.3758930818781842 3.0 3.0 63.59716
-1.1287816477062071 -1.092955656781455 1.0 1.0 50.30743
-2.1544280081282254 2.6505836280047466 0.0 0.0 34.5702
1.3546110035231804 0.3376921097959445 3.0 3.0 63.39671
-2.7574370582843493 2.2797084972433974 0.0 0.0 34.09911
-1.2274906466504063 0.4689228272473933 2.0 1.0 51.50679
-2.66304218729215 1.174795130718854 0.0 0.0 35.86319
-2.9442380203291565 1.4155929994034362 0.0 0.0 28.03049
-1.347861679571061 -0.2961417624482261 1.0 1.0 43.40794
0.3506406467253215 -0.5734477513989309 2.0 2.0 58.02175
2.314695773394232 0.30850237654156765 3.0 3.0 63.78718
-2.0776771249154398 2.5488529289901174 0.0 0.0 34.20479
0.8044638541524328 -1.7708093114446348 2.0 2.0 52.8433
-0.7691832537310787 -0.9155485278952765 2.0 2.0 52.40698
-0.9785755414323976 -1.2378302568376338 2.0 2.0 52.04541
2.541705093359821 -1.670545037459546 3.0 3.0 61.42111
0.32240500793747706 -1.3175094404246164 2.0 2.0 55.82337
-0.2690548719417645 -0.5075273911848059 1.0 1.0 50.84838
-0.8898188773294027 -1.295381750266963 1.0 2.0 47.78133
3.0567312834466795 1.332283859581787 3.0 3.0 66.46405
-2.5483833030955134 0.8688783310905215 1.0 0.0 46.46945
-0.5491653523986079 -0.6076430979750708 2.0 2.0 53.25494
0.43509031973884266 -0.01074467179910259 3.0 2.0 63.50423
2.033891059980121 1.3006242228981686 3.0 3.0 65.91905
-2.2320323872422003 -0.3616219044864937 1.0 1.0 43.36476
2.593083587367914 0.16277807131775338 3.0 3.0 62.68058
3.10354760774143 1.1613973409881782 3.0 3.0 61.11862
0.44422892317777496 -0.3548890877360984 2.0 2.0 57.85007
1.5682486557341906 1.1277333364014765 3.0 3.0 61.17902
-2.9811074131161317 0.1857420068980829 0.0 0.0 33.43816
1.7298611677213291 1.3682466806933515 3.0 3.0 65.5627
-1.8327113693908383 -1.132064205955557 0.0 1.0 27.73021
-0.3980722163998113 -0.8563359629104906 2.0 2.0 59.33171
2.913879725352168 1.4682497733421478 3.0 3.0 63.78872
-1.811880721733983 0.33130280983693544 1.0 1.0 44.51508
1.175720801431327 -1.388463092649342 2.0 2.0 58.23914
1.7618154275969713 0.29379397305220845 3.0 3.0 62.02571
0.10780861108814137 0.3366897197960944 2.0 2.0 57.51385
-2.4603384322988693 -0.5860984335619737 1.0 1.0 44.07233
2.0669748996596438 1.2575364517749714 3.0 3.0 61.06327
0.4864039783366274 -2.0005885262832956 2.0 2.0 57.58566
-1.4267441471452835 0.01040612912257772 1.0 0.0 40.18568
1.1565800993267439 0.8985604620081669 3.0 3.0 62.87624
2.259221224282132 -0.8918003258517049 3.0 2.0 60.2603
0.8204478646960024 -2.661621791876043 2.0 2.0 53.86184
0.6937384073621413 -3.1495800449492237 2.0 2.0 55.82517
-2.090974442841474 -1.4292199911389871 2.0 1.0 51.0253
1.0029876785462846 0.8298916942183658 3.0 3.0 63.78946
-2.0598440544228125 -0.38535909997657547 1.0 1.0 48.05138
0.034190775664923255 1.0565506056884455 2.0 2.0 57.01069
2.3738427374489217 0.1836732072153709 2.0 3.0 59.63957
1.689478560505455 0.7438405313929134 3.0 3.0 64.53611
0.15496847897227067 -2.204755897647477 2.0 2.0 55.67554
-1.646441295009116 -0.7717706643231261 2.0 1.0 55.25327
-1.827410926283982 2.332322753596285 0.0 0.0 30.88931
2.8276136911003227 1.2737607411996466 3.0 3.0 60.2955
0.2158123712967066 -0.8024340984752442 3.0 2.0 61.54329
0.8581314903708617 -1.3647201880318374 2.0 2.0 57.00499
-3.5043094510159376 2.9957781856545385 0.0 0.0 28.49573
0.12398312513556288 -0.14433592605497 2.0 2.0 55.72399
0.22472893886061546 -2.5600203857758284 2.0 2.0 52.69519
1.3053411500342678 1.3800244346251067 2.0 3.0 59.85843
0.9053149812834622 0.48943864841874346 3.0 3.0 64.35358
1.1272235837097382 -2.148613936129782 2.0 2.0 57.50962
-1.7974647446826015 -0.14480671726611793 1.0 1.0 49.72019
0.34052463356521673 -1.863657655352846 2.0 2.0 56.90301
-1.8251097012262054 -0.6251420969180078 1.0 1.0 41.35467
0.3057207330948614 -1.6003293251971633 2.0 2.0 55.60266
1.0637049631851951 -1.0046943178029235 2.0 2.0 53.28528
2.7832476239385313 0.6274783984475942 3.0 3.0 65.3677
-1.6861626528729243 -0.6693818197465496 0.0 1.0 26.36131
1.3653367140157364 -2.5801191968342776 2.0 2.0 58.44551
1.7461378748507799 1.6922168609917914 3.0 3.0 64.92204
0.07017579998707142 -2.084127916074234 2.0 2.0 54.606
-0.675346119534244 -1.7146953421504387 2.0 2.0 57.26944
-0.15561052747985007 -1.464704510187683 2.0 2.0 51.34396
-2.417072755184075 -1.1299476101160297 1.0 1.0 48.00813
-1.73963701166302 0.31908635026875126 1.0 1.0 45.13492
1.928480745104094 1.322808431799924 3.0 3.0 60.83153
2.9035547040446454 0.7854947041367145 3.0 3.0 67.35882
-2.4364205037710267 1.060809271500515 0.0 0.0 35.02648
1.3685206452353706 -0.32914036582096495 2.0 2.0 52.90534
-1.0065799557877433 -1.8060448534161782 1.0 2.0 50.76416
0.7157278192818138 -0.7843165600810759 2.0 2.0 57.34609
-1.1669051566738355 0.7013858726608551 0.0 0.0 29.93772
-1.170261153372617 -1.527754195452799 1.0 1.0 50.71578
2.666832098338628 -0.712104438311392 3.0 3.0 62.19161
1.1271738487687075 0.0035388276588413973 3.0 2.0 61.95765
-1.7497542532883683 1.379873828731242 1.0 0.0 38.09124
-1.530148117046544 -0.4133172015227808 1.0 1.0 46.38822
2.810258454182109 0.9456096601268905 3.0 3.0 63.5697
-2.2165999255804096 -0.235606910784367 1.0 1.0 41.2275
0.8897204249846248 0.8229068008107259 3.0 2.0 61.59155
-2.547044854262397 0.6865895495792725 0.0 0.0 34.57563
-1.2456010279967102 0.931363906479993 0.0 0.0 31.67693
2.596382125128822 1.0426649212122028 2.0 3.0 59.86959
2.666121083137216 2.008792916686449 3.0 3.0 62.85253
-0.24124661242784337 -1.1700857092102055 2.0 2.0 55.10375
-1.322731953051201 -1.2374480886164778 1.0 1.0 49.72704
2.0601819249938744 0.3966022389211597 3.0 3.0 66.54847
2.1337718372310457 0.4584297034683611 3.0 3.0 62.31584
2.5580310662997308 -0.046465153922696394 2.0 3.0 54.45645
0.23333352124650664 -1.289644075059592 2.0 2.0 52.4652
2.1477357633933045 0.34500168415166593 3.0 3.0 65.83095
2.1149547521165952 1.068055739607134 3.0 3.0 65.52001
0.22629397447633887 0.6997749070098805 1.0 3.0 41.98576
1.8887230106470518 0.32778068326999815 3.0 3.0 61.88089
2.957860120782286 0.6223349504276542 3.0 3.0 64.07946
-2.7574370582843493 2.2797084972433974 0.0 0.0 35.0344
-3.0543006695691637 0.7024723677709379 0.0 0.0 30.488
0.5027885421085418 -1.0124917817850414 3.0 2.0 60.7751
-1.8897973891258777 1.7973382942747387 0.0 0.0 32.02662
-2.0418726787174073 -0.2763488219411021 1.0 1.0 42.70483
-0.2698852905640091 -0.2923953628671327 2.0 2.0 51.78106
-3.3343073873508806 1.5972070310330826 0.0 0.0 33.86663
-1.4675032957429692 -2.178778185641954 1.0 1.0 42.9887
1.871931958590127 1.2035599715434908 3.0 3.0 63.62587
-2.371217227345073 0.895270422031565 1.0 0.0 39.45564
-0.8374156705306112 -2.0226101842576143 1.0 1.0 50.90411
1.6902548227048317 0.4055929743906202 3.0 3.0 62.1616
-2.309902614034439 -1.1041126744716754 1.0 1.0 40.29666
2.3786370455743238 1.0635547272779535 3.0 3.0 61.05201
-2.3283328147111675 -0.4222622959324882 0.0 1.0 36.54915
1.7615645313627641 0.7778827552279988 3.0 3.0 64.74001
0.10782301436545097 -1.0719279534664756 2.0 2.0 52.28036
2.7666089263912164 -0.03683741500790228 3.0 3.0 61.51828
2.8670952072869405 -0.14193036989575136 2.0 3.0 57.3646
2.8479436745997195 1.4382569478635974 3.0 3.0 65.8926
-0.7860990796357777 -1.5384343945215122 2.0 2.0 56.74798
3.2131730667474394 0.9304035769024396 3.0 3.0 66.59474
1.5382163381329097 -2.2179862684235543 2.0 2.0 55.22071
-1.8420497200731745 0.017594858925188698 1.0 1.0 44.95227
-2.297755837023318 2.619216556590136 0.0 0.0 23.74864
0.3057248613645699 0.5997300077963819 2.0 3.0 53.19795
-1.768120551726479 -0.2057080947721503 1.0 1.0 49.55725
1.3078369596691775 1.309273088647168 3.0 3.0 64.13485
1.6612571362587798 1.0979633949184961 3.0 3.0 63.06119
-2.1104410455519242 -0.9932653133493469 1.0 1.0 37.36135
0.5296127312348042 -2.41284287533171 1.0 2.0 49.04137
-1.031637760921517 -0.7705506069828305 0.0 2.0 27.47371
-2.428955606708604 3.0022810937069315 0.0 0.0 27.98928
-1.670040279196156 -0.4406521326317616 1.0 1.0 49.38093
-0.04678731816218947 -1.6333601850823214 2.0 2.0 59.8733
2.098312401863393 1.8046713773654135 3.0 3.0 64.90976
-1.6695261299163107 -1.5207855689582113 1.0 1.0 47.86392
-1.9356506484512899 1.8510962048476525 1.0 0.0 40.04597
2.347182531177323 -0.28305432401824626 3.0 3.0 61.24849
-0.19568367593123923 0.10487059900792353 2.0 1.0 52.01811
2.2342023802343833 -0.6590547339141157 3.0 3.0 60.12052
0.7263471913283318 -1.9123079690147302 2.0 2.0 53.35854
0.9828981957194253 1.7077001778728789 3.0 3.0 61.54942
2.1840544491178915 -0.0014975581614291701 3.0 3.0 62.95686
1.555148530660266 0.7141078598306326 3.0 3.0 68.17488
-2.803187071601968 2.3825919527063264 0.0 0.0 25.76695
1.7817283849388237 -0.6699935917748147 2.0 3.0 52.77062
-3.127612222090211 1.8087410188456745 0.0 0.0 32.65007
-1.2452060346912373 -0.22618802895996346 1.0 1.0 48.36719
1.0305630225163944 -0.18017396508204042 2.0 2.0 55.74877
-2.5932152138203572 1.9645966769611776 0.0 0.0 30.15499
2.2885537559417024 0.9367555141953963 3.0 3.0 60.38236
-2.108974145097504 -0.2913401078397504 1.0 1.0 48.02264
1.5172028089523872 0.9627297107098157 3.0 3.0 62.91101
2.5175034435749266 1.6430017442078917 3.0 3.0 62.66234
3.176536242491552 -0.5218767618143324 2.0 3.0 59.70418
0.1268091042454567 -1.0918627876154408 1.0 2.0 48.39525
0.29784563982949536 -1.0414524471719016 2.0 2.0 54.22032
1.175797114840184 0.3553792666184396 2.0 3.0 56.3014
-0.4984033379007345 -0.7150132118019699 1.0 2.0 50.21534
-1.6149805289431545 -2.031673089765242 1.0 1.0 41.3317
0.70637306672989 -1.0277991741571144 2.0 2.0 57.83484
0.25567966529478164 0.8867220517775922 0.0 3.0 34.6542
0.6488091878792404 -0.63170223777455 2.0 2.0 57.57059
1.6533652558424072 -1.2434651373341825 2.0 2.0 55.06239
-0.9121287250708836 -1.6247285985878244 2.0 1.0 55.39178
-1.3792973544049458 -0.6309837397755708 2.0 2.0 53.61555
-3.5269774487262175 2.1411362725164103 0.0 0.0 35.957
-0.8111145810509889 -0.8730513330180946 3.0 1.0 60.60001
2.420787246040632 0.6817818353206293 3.0 3.0 67.75721
-0.9010016461983468 -1.65825757685304 2.0 2.0 58.1042
2.199390312683827 0.6869111993467536 3.0 3.0 66.41077
2.3554404591005 1.0010580970505352 3.0 3.0 65.4202
-1.3231988701312312 -0.8603927319065517 2.0 2.0 52.96552
-1.893177685244983 -1.1386677929743327 1.0 1.0 47.23985
3.000762499441627 1.2383874587987627 3.0 3.0 64.61457
0.10408915117008077 -1.3271312787699794 2.0 2.0 54.9805
2.2624841720427047 0.360719364765529 2.0 3.0 57.822
0.209702809697443 -1.1400651730883273 2.0 2.0 58.32457
-1.1237821873217644 -0.9467408013009007 2.0 2.0 53.38894
-2.212027882221102 1.6445778737385814 0.0 0.0 32.13048
2.7996431433865974 -0.13151856013402188 3.0 3.0 67.07073
-1.102379011358886 0.31530860422010404 0.0 0.0 35.87886
1.4977131966099524 -0.03584161859313744 3.0 2.0 60.68806
-2.705187874431422 1.0403325118022586 0.0 0.0 32.45242
0.7871665511927076 0.4371651206124571 3.0 3.0 61.88844
-2.9081485542789287 -0.05405037371351894 1.0 1.0 43.57757
-0.021063123957631377 -2.882476673509869 2.0 2.0 55.56497
2.0247658241633446 -0.3522512509858716 2.0 3.0 59.95187
-2.1733996317703306 2.19573688452667 0.0 0.0 35.65398
1.7072971046103256 1.8736901659897047 3.0 3.0 62.13592
-2.9724001367852853 -0.5851927087253199 1.0 1.0 42.83426
0.8730149129121247 -1.6796963620966296 2.0 2.0 59.96585
-2.2505435687815183 1.0386952392369577 0.0 0.0 25.34546
2.3871933782531336 -0.13829652926712 3.0 3.0 61.72347
1.1793728261605056 -2.524983768401394 2.0 2.0 59.2805
-2.460338432298869 -0.5860984335619738 1.0 1.0 49.44658
-1.917486962037314 -0.19443330368578723 1.0 1.0 48.44643
2.8251848881616017 -0.09415966531181708 3.0 3.0 62.71554
-2.677042441623742 2.0575339571109104 0.0 0.0 31.33423
-0.5128305541957244 -1.736168726518267 2.0 2.0 52.89077
-0.9926372690146034 -0.14866056303563607 1.0 1.0 49.28084
1.3983451463042502 0.12921060957240305 3.0 3.0 64.81939
1.8019422038761164 -1.1500430683587124 2.0 2.0 57.68201
0.7285291454958872 -2.3611036622870682 2.0 2.0 59.45592
0.828954368051876 -1.9516436271093465 2.0 2.0 53.88994
2.9756422014457353 0.2039253709665772 2.0 3.0 58.95305
-0.314725123357113 -1.1181841299507973 1.0 2.0 40.61392
-0.7439129439506746 1.9907131009325572 0.0 0.0 36.7299
-0.24342290685132936 0.7511999959444042 3.0 1.0 61.96307
-1.087129919644601 1.420192145587161 0.0 0.0 34.25542
-0.905302657538973 0.12123956317349364 0.0 0.0 28.79798
-1.2452060346912375 -0.22618802895996346 2.0 1.0 52.0285
-2.1018143290126385 -0.24703535620653916 1.0 1.0 50.15419
-2.2935106427233687 0.12063828165179002 1.0 1.0 42.0752
0.6223088971539706 -3.155932301699375 2.0 2.0 55.01519
1.3033710037293595 0.9762073523272216 3.0 3.0 61.15924
-0.4173117723801345 -1.1778411696801392 1.0 2.0 38.84446
-0.07737941063279571 -1.2247044132222606 2.0 2.0 52.42653
0.3446890753506047 -0.04891939185307924 2.0 2.0 52.98988
2.272374319390182 0.9083650551791201 3.0 3.0 65.89797
0.3102851726626847 -2.8625610219330713 2.0 2.0 58.33093
-0.5065684221672565 -3.119686628336059 1.0 2.0 48.34713
0.8623445442130903 -2.6934862567160853 2.0 2.0 55.58706
-1.6695261299163107 -1.5207855689582115 1.0 1.0 50.1945
-2.372067727298679 2.5437092905105105 1.0 0.0 40.07541
0.03717472595174498 -1.8077705112924343 2.0 2.0 54.9857
2.7279450728051247 -0.31748730148021864 2.0 3.0 53.79378
-0.3324823681131534 -1.1692334482715456 2.0 2.0 55.01303
-0.9269385091789281 -1.4652919636156916 1.0 2.0 49.71831
2.0153654739882523 1.21317006926392 3.0 3.0 64.27305
-1.299039915878548 -2.3255371652679284 2.0 2.0 52.1477
2.577715351584934 0.4855500508428967 3.0 3.0 61.22539
0.8195031260562443 -2.4544332247640654 2.0 2.0 54.89833
1.7876876564142636 -0.1782732402313805 2.0 2.0 59.57807
1.9741224058957443 0.4547954260363584 3.0 3.0 65.95687
2.4866008742056906 1.1449470128770403 3.0 3.0 66.74794
0.7004495445606891 0.4681237249219575 0.0 3.0 29.71401
-1.3829618302284135 -1.5532025870906028 1.0 1.0 46.83189
1.5643601676204193 0.7202669589757539 2.0 2.0 58.0853
3.112093702636282 2.731296865767676 3.0 3.0 65.3288
-1.9212609212657936 -0.3036667621282406 1.0 1.0 46.68913
0.21232002246583886 0.3172878452903439 3.0 2.0 61.79827
1.472624792864536 3.3367761124003827 3.0 3.0 66.3252
-0.6810480113874825 0.08604785283224783 1.0 2.0 41.78824
1.7502016668196014 1.1768786958381812 3.0 3.0 65.47635
1.2181926220496369 0.9211718232444586 3.0 3.0 62.79852
-1.4846302613827544 1.6577746517560277 0.0 0.0 30.96397
-2.431188105566976 0.9702367411524292 1.0 1.0 39.19794
-2.161922323180169 1.7427641611085876 0.0 0.0 35.80802
1.772014836489942 0.9871202380995898 2.0 3.0 57.78065
1.921892021780882 0.9161014767454415 3.0 3.0 63.20782
2.5243555223472116 -0.07080903284109302 3.0 3.0 62.97774
2.89012734838473 -0.0328334628583939 3.0 3.0 60.7958
-0.3008000465215765 -2.2487488903939283 2.0 2.0 51.50754
-2.201408796428739 0.06513446848424617 1.0 1.0 49.34154
-2.309904390920296 -0.230514298917362 1.0 1.0 42.50047
2.9355380559801025 0.29483773926548495 3.0 3.0 64.67591
-0.11208082850311134 1.2605471755841786 3.0 1.0 63.3292
2.9541211732658756 -1.243722573211362 2.0 3.0 55.85265
2.7287394614504565 -0.7011627046465346 3.0 3.0 62.70744
-0.3748786531081099 -0.9895890880661151 0.0 2.0 31.7414
2.403368400416393 -0.0027837020793148965 3.0 3.0 62.7641
2.021659216662555 0.4150325422803589 3.0 3.0 66.3236
-3.3089388422580335 -1.2029459559452678 1.0 1.0 40.25218
-2.2004099928764407 0.22240344494667136 1.0 1.0 41.60204
-1.8018704998510287 -0.18257504223341145 0.0 1.0 34.6026
2.6574565091599927 -0.8646998777376043 2.0 3.0 58.22874
0.5832018963576606 -0.9416908253881369 2.0 2.0 56.89367
1.399877756050618 -0.6973056081318497 2.0 2.0 59.118
-1.0924471694729767 -1.1818999023815664 1.0 1.0 46.19996
1.8207051119374256 0.9206861574662502 3.0 3.0 65.40374
-1.2401398900141913 -1.5995465548655319 1.0 1.0 37.31208
-1.974654566493293 -0.2595711662534503 1.0 1.0 41.42986
-1.9559417880890302 0.39298193623365424 0.0 1.0 27.93068
-1.0443502599617038 -0.4523847425831149 2.0 1.0 52.83296
-2.6642436988675064 -1.2260884428016625 1.0 1.0 42.36235
-2.506064887705433 -0.7051359683644354 1.0 1.0 48.5114
1.7593927738116169 0.3479380426714682 3.0 3.0 64.08131
0.5509137613077834 -1.6460355344338609 2.0 2.0 56.12264
-2.6142806253989157 0.48553741805817685 0.0 1.0 31.46127
1.8433963158519147 1.593408116163157 3.0 3.0 63.22636
-3.1649071026333937 1.520972972213055 0.0 0.0 35.17312
-1.0369595486342738 -0.5987340111687635 1.0 1.0 48.65833
-0.7880273519264958 -1.1009028386499113 1.0 1.0 44.31573
-0.29259967255592656 -1.1986920489093642 1.0 2.0 47.58598
1.6801324554741157 1.3744624217827408 3.0 3.0 60.20958
2.819306539891245 0.14044978773103775 3.0 3.0 63.62966
2.5026673069285406 2.388276240229079 3.0 3.0 64.57192
-2.176230726505733 1.718209299008938 0.0 0.0 34.41412
1.1998276194174862 0.9988891116890954 3.0 3.0 60.87885
2.5509723394928505 1.8252261008555917 3.0 3.0 60.43879
2.628447322097114 0.4197289444553458 3.0 3.0 66.03326
-3.034536884395544 -1.68458024384269 1.0 1.0 41.76386
0.6600248140494681 -1.8598869076479303 2.0 2.0 56.29974
-0.7363339827796448 -1.5066098603624416 2.0 2.0 53.29523
-2.5165724711381996 0.7093393814694461 0.0 0.0 27.72301
1.209981517960145 -0.19376406596115595 2.0 2.0 53.09249
-0.4890786803252107 -0.7581838882248831 1.0 2.0 42.36601
-2.655751474335206 0.6216359188902885 0.0 1.0 33.20503
-2.1524221772113896 -1.4543762209901163 1.0 1.0 47.52292
1.4336284474369807 0.8916601680211846 3.0 3.0 63.05563
0.7835242264044443 -0.04488448820876733 0.0 3.0 36.49897
0.13874181885778564 -1.4666459474214273 2.0 2.0 53.41417
0.034961032270494255 -1.618948976632575 2.0 2.0 57.19652
-1.3660538280766708 2.1254223208315266 0.0 0.0 31.01292
-1.5782987684958263 -1.3529742338970383 1.0 1.0 46.03458
-2.11941669624531 -1.4712131933654475 1.0 1.0 49.02902
1.3784446204280256 0.6141991937457713 3.0 3.0 62.72052
0.7746790515038062 -2.1923448888674177 2.0 2.0 54.05519
2.8600298246995313 1.0013568583936252 3.0 3.0 62.82725
2.507727051827586 0.967731390327851 3.0 3.0 60.09691
-1.3304580651354967 -0.0014490913475394764 1.0 1.0 47.03978
-0.012757142769009239 -0.5566722534217597 2.0 2.0 53.34946
0.898098803174178 -2.17320157194145 2.0 2.0 53.9759
-1.3397683838556207 -2.0125699241076904 2.0 1.0 56.87509
-2.790851243019485 2.2835111211901418 0.0 0.0 34.30038
3.2786605404702676 1.4680536003529514 3.0 3.0 63.30267
-1.2622592579329301 -1.188942957049063 2.0 1.0 54.94402
0.1072726390058842 -1.6490836722834414 1.0 2.0 39.33008
-2.2908182175671037 0.17920463108383958 0.0 1.0 32.74591
-2.425751960794613 0.17957526850676322 1.0 1.0 43.4924
-3.0576445333307123 -0.9740078512516948 1.0 1.0 45.09597
1.6981186931308752 0.5871249426671074 3.0 3.0 64.80901
1.5453156411227116 1.596685282437754 3.0 3.0 63.96769
-0.5120623457160521 -2.865779207552966 1.0 1.0 50.16064
-0.6032317505449346 -2.9321367663660034 2.0 2.0 51.72035
1.5233372967711452 1.3055483624375745 3.0 3.0 64.42005
1.1812618368385681 1.6968542548117294 3.0 3.0 63.27367
-0.6807326000986935 -2.0181707838603353 1.0 1.0 49.84446
-1.821375816282365 -0.1716228835629162 1.0 1.0 38.00234
-1.5413140030474737 1.1620952354756793 0.0 0.0 30.88711
-1.561736080911559 0.4786585957824058 1.0 1.0 43.71429
1.2917155051644564 1.6959928017219725 3.0 3.0 61.78373
1.55164689367089 2.457988134085634 3.0 3.0 61.33423
1.2994203709102812 -0.5094746895765763 3.0 2.0 60.4655
-1.5907179416918857 -1.0016931801714348 1.0 1.0 41.11328
-2.9171262617335216 1.4607170223382326 0.0 0.0 35.51732
2.570909217998588 1.154798206484696 3.0 3.0 66.39831
-2.3755471685395526 1.7005640429184254 0.0 0.0 26.76815
-1.1492722157215416 -1.3541033066168489 1.0 1.0 45.37322
-1.3027148727129942 -0.9840732575844313 1.0 1.0 41.80775
-2.4421023825079478 0.6198965435719812 1.0 1.0 42.6214
1.4240328293071354 0.11063314073111394 2.0 3.0 56.13582
-1.214237493283023 0.7406918738208077 1.0 1.0 47.82299
1.6066206315319784 -1.7779688971617955 2.0 2.0 54.76748
-1.0925613248230448 -1.9163505030927697 2.0 2.0 56.78593
0.9048138604026043 -1.1959715096031773 1.0 2.0 49.80729
2.4088402339228976 -1.0330904551416888 3.0 3.0 63.64873
-1.4613835583336703 -0.887122035732442 2.0 1.0 56.25433
-2.895568720910609 1.630527751893424 1.0 1.0 40.35576
0.17953041838967895 -2.2710785009355914 1.0 2.0 45.8388
-1.1945957064803234 -1.174340248074005 2.0 2.0 51.01951
2.183589693667856 0.5995509922397352 3.0 3.0 65.71701
1.4466241611897157 1.018938153335358 3.0 3.0 63.62825
-1.533618091789378 -0.8460170992655751 1.0 1.0 38.43425
-1.601052812980977 0.034155076924696735 1.0 1.0 40.78686
2.875089933314283 1.1648439787414877 2.0 3.0 57.62302
1.3723687462116245 -2.732792376312419 2.0 2.0 58.67956
2.328512089543688 0.27841980060637994 3.0 3.0 61.82108
0.9875909447783124 1.0051561815094738 3.0 3.0 63.55832
-0.9162824545333819 -2.826075394618268 1.0 2.0 48.94992
2.00674618545791 -0.31823444033050247 2.0 3.0 57.05707
1.4450072551833784 -0.3412280282625362 2.0 2.0 59.20645
-2.03893726718793 1.8024164868214672 0.0 0.0 31.66091
2.0355573724719243 -1.6817508027048584 3.0 2.0 60.76802
-1.9883373726619555 -1.0865439513919888 1.0 1.0 50.11043
3.0121974584010553 1.4295088353183174 3.0 3.0 60.46085
-2.952369850743951 0.5798336870174339 1.0 0.0 39.82125
-0.3044111844783814 -1.0636664215649432 1.0 1.0 45.52121
-0.16725317685631264 -1.156710551227735 2.0 2.0 55.79258
-0.7853621430956005 -0.32186598256054816 2.0 2.0 55.78531
2.6375940026392852 2.962767359971652 3.0 3.0 63.87698
0.9798290094772695 -1.9550111054989003 2.0 2.0 51.86868
-0.9785755414323976 -1.237830256837634 1.0 2.0 49.80815
-0.47472845249035495 -2.1389013081810355 2.0 2.0 57.82692
2.0939245627922114 1.5560599062150509 3.0 3.0 67.29111
2.588539241782688 2.4439812733407047 3.0 3.0 66.91541
0.6769084596849473 0.5440424695144445 3.0 3.0 60.19853
-2.3460436193024554 -0.1760711992838372 1.0 1.0 40.2124
0.6825759035287978 -1.4106095699971217 2.0 2.0 59.21053
-2.1384307372068583 1.5789506631232741 1.0 0.0 38.6764
1.6334446875180546 -0.2971836438183732 2.0 2.0 58.3159
3.277733422177477 1.5968779654538814 1.0 3.0 47.06718
2.9075144576530505 2.367714835644362 3.0 3.0 67.29202
-2.49866353087491 0.18803202973560706 1.0 1.0 49.81978
2.0607371154558263 1.8392077975846943 3.0 3.0 66.32691
-1.6154065237567377 -1.1516639680670742 1.0 1.0 44.55918
-1.8737855225760438 1.0097843184005213 0.0 0.0 34.34912
-2.5053277906425766 1.3383243911143339 0.0 0.0 29.95562
-1.4771062113608953 2.3830455390403453 0.0 0.0 30.42235
-0.5044270786453106 -1.162615139202879 0.0 2.0 27.82882
3.2514505629957937 1.3829851794492938 2.0 3.0 57.27936
-2.2940189791543184 -0.6716843411863581 2.0 1.0 52.36679
-1.1460537352008464 0.4382179418140289 1.0 1.0 50.10467
-1.6198654344657004 -1.6177459505678948 1.0 1.0 39.94702
-1.5074234522645327 -1.1566158886544995 1.0 1.0 46.49127
-2.9208063725836175 4.295630110993031 0.0 0.0 31.74841
-2.5464413514676107 2.9616341597232454 0.0 0.0 29.44539
2.5205725020745526 0.6331071009517336 3.0 3.0 64.23375
-2.0546546906110987 -1.444525421299301 1.0 1.0 47.66996
2.3086681589182243 1.0600382829318684 3.0 3.0 65.67399
-0.9570371144530624 -1.3293271575941854 1.0 1.0 45.82169
-2.883473682167799 1.3504926121585472 0.0 0.0 25.73142
-0.57059977979374 -0.3794934306269532 1.0 1.0 40.20984
0.027908892403131897 -1.1231908355527958 1.0 2.0 48.88768
-0.013532807979085003 0.6209279769002164 2.0 2.0 58.24885
0.7403158932504569 -0.2895246001837521 1.0 3.0 40.47088
0.7505515270919862 0.011989091508619903 1.0 3.0 50.54306
-3.114227626037181 2.723192686391623 0.0 0.0 36.8159
0.36886907677583647 0.5133386267577588 3.0 1.0 61.63531
0.3774389089057441 -1.3304799459080905 2.0 2.0 55.68003
-0.8239356137395495 -0.7252024175458747 1.0 1.0 40.52927
-0.9882682850307015 -0.5171425674952026 1.0 1.0 44.83407
-2.9416140552318226 0.7457638999301586 1.0 0.0 45.16398
1.4647385165197289 1.0743115733430753 3.0 3.0 62.31916
-1.42376999733301 0.42417044378649915 0.0 1.0 29.89625
1.9239995329382826 0.5497902250721863 2.0 3.0 55.10634
-1.1826959872529 0.07198830918168027 0.0 1.0 31.83407
-2.051836503253967 1.1325341538881757 0.0 0.0 31.17995
-1.4284705477504485 0.02273922666622581 1.0 1.0 50.03088
-2.463661566714362 0.07139093390263143 1.0 1.0 40.49817
-0.08820047384440143 -1.1777805029803743 2.0 2.0 54.62515
1.7797302776031734 1.2076478266415471 2.0 3.0 59.3058
-2.2590026512125583 -0.9868603931876204 1.0 1.0 40.93103
1.1548306855933925 -1.258932608275141 3.0 2.0 61.61211
-2.7250334892940824 1.1130135536802248 1.0 0.0 40.17511
1.711219529724673 0.7700329232136471 2.0 3.0 54.19365
3.833277994923722 2.1090071591198156 3.0 3.0 60.7858
-1.4499262062732343 -0.9990089765384367 1.0 1.0 40.00144
2.8100009503710663 1.7186435868965462 2.0 3.0 57.69035
-1.7728598083398772 0.3787231221656179 1.0 1.0 46.57779
-0.7962485977865799 -0.9583580454357129 0.0 2.0 26.31216
-2.170157834102437 0.39393050323389234 1.0 1.0 37.09436
0.789304531712024 -2.3418260495132035 2.0 2.0 53.94295
-2.0872556881060063 1.4624202647849969 1.0 0.0 38.17419
1.1900357388738498 -1.0593384184132142 2.0 2.0 54.33509
-1.5449383900749762 1.8594030617082495 0.0 0.0 29.80257
1.9452131083942275 1.402459795783929 3.0 3.0 61.25634
0.15852669021495142 -2.912447305766845 2.0 2.0 55.05416
1.112061488097557 0.060201015249780936 2.0 2.0 55.81683
-1.2692876951328027 -0.08379927793654444 1.0 1.0 43.68284
-1.256690742811423 -0.7000844618943726 1.0 1.0 41.34636
2.4116921719061035 0.984597619023649 3.0 3.0 65.73189
-1.4190836207363886 -2.01411601617421 2.0 2.0 55.2284
2.491908649059224 0.16587222304230398 3.0 3.0 61.23849
-0.47012117477215004 -1.5234804112525486 2.0 1.0 51.03652
-0.5988534018555303 -0.012319497758190474 1.0 1.0 44.6516
-2.9523698507439504 0.5798336870174339 0.0 0.0 36.82
1.5154757768211928 -1.638132250026603 2.0 2.0 53.38724
2.053608252308014 -1.5409857880028714 2.0 2.0 59.93262
2.936566590132162 -0.5053857322151503 2.0 3.0 59.80107
0.5102074442520179 -1.615432695806274 2.0 2.0 55.4258
2.736299196741865 1.5428319003541853 3.0 3.0 64.61396
0.40026595215522615 -2.396528351766137 2.0 2.0 57.6242
-2.3924688815814403 0.701931983204601 1.0 0.0 41.95411
-2.272501970137118 1.464631537135528 0.0 0.0 30.2409
1.3983993679353999 0.506415187616487 3.0 3.0 65.10751
3.3234358490628955 0.7993962724670132 3.0 3.0 61.95382
2.8522928680266273 0.9381459331086384 3.0 3.0 64.0055
2.3758045249614645 1.1248844952816415 3.0 3.0 63.69271
4.069375526032609 -0.8577585645726218 3.0 3.0 60.73884
-2.6407466524046903 2.433531321958115 0.0 0.0 36.63296
-2.6364245228013923 -0.5726809733964273 0.0 1.0 34.38143
-1.193905713150262 -0.09745710637571374 1.0 1.0 47.1252
-0.4079227743701686 -0.764500233129721 2.0 2.0 54.74939
2.205349324138425 -0.34475887307172604 2.0 3.0 59.68416
-1.1662110964746042 -1.0396990867565101 1.0 1.0 44.04909
0.6981561670389813 0.13294558526076847 2.0 2.0 59.32561
-1.2392174275134182 -0.29574440471239294 1.0 1.0 49.96373
-0.47320406488752054 -0.9943733978018051 2.0 2.0 58.71216
-1.4459222607460847 -1.270574940537661 1.0 1.0 49.14638
-1.5103954112083362 1.0423397365468803 1.0 0.0 46.20431
0.8194270086353108 0.8654826279848296 0.0 3.0 27.84577
1.4832710364206207 0.5955016005396567 3.0 3.0 62.58311
1.1074482922615951 0.22145842373232963 3.0 3.0 64.68692
1.1124958988889173 0.31129158763779774 3.0 3.0 61.35556
-2.282755382238824 -0.45650751984493126 1.0 1.0 47.897
1.8168872269266618 0.79597416109707 3.0 3.0 66.29468
-1.3304580651354965 -0.0014490913475394764 1.0 1.0 42.39866
2.2506296868220232 -0.5090337151717583 3.0 3.0 61.97075
0.8375090877669742 -1.6063198892856065 2.0 2.0 55.34689
-2.0706895703772052 -1.084309105382641 1.0 1.0 44.03901
-2.205006279923376 0.4013775572906855 0.0 0.0 30.05471
1.8678842217827747 1.5570980730375303 3.0 3.0 63.36259
-1.5782987684958263 -1.3529742338970385 0.0 1.0 29.93726
-0.27850806990127447 -0.7125138694993921 2.0 2.0 53.34338
-1.0744719684410897 0.0065337033262490496 0.0 1.0 34.07406
2.412980504574235 0.5501172578577972 3.0 3.0 65.35921
1.7572785045094013 -0.9785818244512372 2.0 2.0 59.17992
1.4379459397077756 -2.3493186738355205 2.0 2.0 54.95271
-2.4995517903577205 0.36631450624346007 1.0 1.0 39.22465
0.6964644949493941 1.0610794127156844 2.0 3.0 59.01117
-4.33501989658586 1.941787310519805 0.0 0.0 30.74639
0.4442641255341555 -3.18983911838156 2.0 2.0 56.48883
0.41797846073914374 -3.111290372472788 2.0 2.0 53.15091
1.0295336689514532 0.3835094981102328 3.0 3.0 61.63216
0.9379329095105585 -0.4308832542989684 2.0 2.0 58.08505
2.2719367076556907 1.2979921521909115 3.0 3.0 64.12972
-1.8044224955973962 0.10610372431640303 1.0 1.0 38.35165
1.45698323717354 -1.1877357787985143 2.0 2.0 58.61572
0.8761642510395328 -2.2520028408635095 2.0 2.0 51.09573
-0.8664102135164472 -1.0036541817132523 2.0 2.0 51.07921
2.2101854158928664 0.011738608448906469 3.0 3.0 61.51207
1.8869672229579044 -0.19931317494256054 2.0 3.0 56.79295
-1.9823813705450382 0.06414687198907272 1.0 1.0 43.79483
-2.4405642201874476 0.7499140521704115 0.0 0.0 33.32118
-0.9025340557862249 -2.758647361678227 2.0 2.0 52.00529
-1.5176485784500617 -0.20611097863154335 0.0 0.0 27.10468
-1.8001607817149332 0.43905378751050655 1.0 1.0 37.00299
-1.6313753973552974 1.0393749818947948 0.0 0.0 33.68151
-2.477533968375062 0.7943070024066532 0.0 0.0 33.23521
2.72403094565508 0.5366382213656202 3.0 3.0 67.48405
0.7858594011241153 -1.739864017919711 2.0 2.0 52.3099
0.990218400208024 -0.06704247146968495 2.0 2.0 56.48265
-3.3628221773488827 -0.16096008631367148 1.0 1.0 48.55074
-0.8723024674305777 0.7788562326452014 0.0 0.0 27.46821
0.5627287854478757 2.5250905019799728 3.0 3.0 63.68685
2.2052018615998166 1.1546454035937108 2.0 3.0 59.65177
-1.9559417880890302 0.39298193623365424 0.0 1.0 35.99784
3.092921261130868 -0.3012326941543022 3.0 3.0 61.2463
1.4309716657893476 0.39425682028071696 3.0 3.0 60.31019
2.389001675937442 -0.21929973297788657 3.0 3.0 63.31064
2.4043869242269253 -1.3414937632431079 3.0 2.0 61.92847
2.6715423486834453 2.5360174425805355 3.0 3.0 67.11722
1.3770694499954055 -1.7297511678653885 2.0 2.0 53.03438
2.2410474024309273 2.221335751031861 3.0 3.0 62.21352
2.8669034240651636 0.8418300925286331 3.0 3.0 65.27172
-3.1675947907252073 0.8940665550097979 0.0 0.0 33.07507
-0.42023540015357486 -0.25925963214889547 2.0 2.0 55.97882
0.9435181519126057 -1.2454998482329298 1.0 2.0 49.68069
2.679149720309357 1.3660294454558235 3.0 3.0 61.04419
0.23276849740884573 -2.316946032270417 2.0 2.0 54.11103
-2.422067563859128 1.159178886160675 1.0 0.0 42.73469
1.0404037177596508 -2.240472881357965 2.0 2.0 55.68639
-1.933022550237727 2.078584392345794 1.0 0.0 38.40863
-1.5673697050403497 0.9349706772231902 0.0 0.0 28.01221
1.673278138030276 0.9170393631570322 2.0 3.0 59.0836
0.686556337745361 -0.3751151772680954 3.0 2.0 60.74686
-0.7047213378684507 -1.0850450139412269 2.0 2.0 52.74311
-1.2847226947495833 1.5964574361482204 0.0 0.0 33.90853
-0.3163860983483576 -1.3603719605406575 1.0 2.0 50.42538
-2.406281714780853 0.4612422971517978 0.0 1.0 36.09962
0.22472280715179688 -0.16036085254540866 2.0 2.0 56.35976
2.657461248676359 1.2706062347500628 3.0 3.0 67.78522
1.3759835148873831 -0.0035449749694944884 2.0 3.0 55.96483
-0.057660146233166336 0.20917561529856005 3.0 2.0 60.13214
2.60702060507119 -0.11962039296008352 3.0 3.0 61.2701
2.527502633119116 -0.8796722304350012 3.0 2.0 63.2049
-0.1299070420869119 -2.3781222430340847 2.0 2.0 53.99886
-0.4243366192508377 -0.18114729194914314 2.0 2.0 53.97121
0.5593986698622683 -0.5250864972732492 3.0 2.0 60.9544
-2.325604462985954 0.5889290492620527 0.0 0.0 26.06047
-2.47091012060357 1.3483268898769838 0.0 0.0 30.52068
-1.6593562024561335 -2.08315705245333 1.0 1.0 50.59158
1.3069221084969345 0.08660167645891391 3.0 3.0 62.67704
1.613884647117495 0.4385776262783751 3.0 3.0 63.10092
-0.4079058734421908 -0.8124356810097533 1.0 2.0 49.59939
0.35649424004454916 -1.6223070334385896 3.0 2.0 60.52486
2.7082924699900577 0.3351743045942432 1.0 3.0 46.60816
1.093899862924204 0.5061490429112324 3.0 3.0 64.80702
-1.9713740590076596 -1.1745941866538487 1.0 1.0 48.94964
-2.152188956306221 -0.5867924454693868 1.0 1.0 43.88388
2.150855718119659 1.5139070448354137 3.0 3.0 68.13419
0.26221665400587446 -0.8427850847020409 0.0 2.0 34.76359
0.2838208508094394 -2.4444726095777063 2.0 2.0 55.97097
-1.937345922778168 -0.8393160158063607 1.0 1.0 41.10443
-1.995882440074555 2.24697298250585 0.0 0.0 34.58118
1.8663922201685277 1.0947603874114515 3.0 3.0 60.40497
2.5192343864728124 0.30849273390534826 3.0 3.0 60.47378
-1.6198654344657004 -1.6177459505678948 1.0 1.0 50.73164
0.42134799289987135 -1.6161496973383975 2.0 2.0 58.53329
1.8735852143408576 0.7657223394509953 3.0 3.0 63.71752
-2.9078560977482457 0.4126679895515517 1.0 0.0 44.70982
-0.38953107571877116 -2.225946217547593 1.0 2.0 49.19478
-1.5465790437004703 -0.4427655781121342 0.0 1.0 36.79878
2.0272193872947115 -0.2937163383259571 3.0 3.0 60.80266
-0.6443332148041843 -1.2311243065889195 2.0 2.0 54.90777
-2.8925133894469703 0.8268829304466387 1.0 0.0 40.85595
-0.25983315356371867 -1.3725406494403958 2.0 2.0 59.65602
-2.625626110518642 1.1052246558962837 0.0 0.0 25.00848
2.187328615530391 1.5935868492200618 3.0 3.0 61.66762
1.4479401989840341 0.9455505585058025 3.0 3.0 64.08296
-1.4970730081067376 -1.2400641563699455 1.0 1.0 44.93736
0.7202022623660902 -1.5196067667196183 2.0 2.0 51.91419
3.0756768484455703 1.3676524651824802 2.0 3.0 59.90792
-1.8594178911662724 0.17359575047283352 1.0 1.0 37.76142
1.6764594653845801 0.298845508766256 3.0 3.0 65.15983
-2.905420700439803 0.07661391297726158 0.0 1.0 31.44884
0.1584124957384381 -0.23970489850486829 2.0 2.0 56.65993
0.9233444470978336 -1.5947251687417927 2.0 2.0 57.99642
-0.5863335037156066 -0.5854517163236749 2.0 2.0 56.25351
-0.7384921816809219 0.3663488490609974 0.0 0.0 35.68695
-1.692614339599709 1.3347839327169748 0.0 0.0 30.71132
1.2190452186590968 -1.506248789269805 2.0 2.0 54.85332
-1.6285434678085215 -0.192052336270302 1.0 1.0 41.25141
-1.7381205331773386 -1.8224193578507641 1.0 1.0 44.59678
2.3120596783367158 0.8680010624335304 2.0 3.0 57.97138
-1.7255621083505668 0.33355678905106406 0.0 0.0 30.6397
-0.550721010697529 -1.285130081025595 1.0 1.0 43.71916
0.6254282303443993 1.3594659090982883 3.0 3.0 62.77432
-1.5156995325546974 -1.9762445639326232 1.0 1.0 48.48745
2.0343805330455926 -0.07346666034538112 3.0 3.0 63.02535
0.24811846807260513 -2.731597466868979 2.0 2.0 57.8647
2.5570242180888516 1.109508259681809 3.0 3.0 62.77965
1.5144684088018674 -0.5746874127103572 2.0 2.0 59.78403
1.8200346445581224 0.4658719764502865 3.0 3.0 62.07076
2.429203650118991 0.8839590384926985 2.0 3.0 58.14385
1.3824095567774801 -1.2085698527275157 2.0 2.0 58.79556
2.238290905858755 1.38971960475481 3.0 3.0 61.78448
0.898098803174178 -2.17320157194145 2.0 2.0 53.14459
-3.3502639391119096 -0.8670824289655041 1.0 1.0 46.97114
-1.1812259920224828 0.4190187431407116 1.0 1.0 48.40791
4.020396113243453 0.6815073432359705 3.0 3.0 65.46682
-1.3551404447481499 2.4136141909487625 0.0 0.0 29.05937
-1.851825040871576 -0.3060381580187404 0.0 1.0 34.60362
-3.3502639391119096 -0.8670824289655041 1.0 1.0 46.47776
0.9694187970281288 -1.3948832305222778 2.0 2.0 57.47729
1.7268420494688421 1.2446263737333734 3.0 3.0 61.94362
0.5683274272180967 0.31194188681372964 3.0 3.0 62.55976
-2.2243702750178063 -1.6598150532232716 2.0 1.0 55.39662
2.883972915485558 -0.010042425052494797 3.0 3.0 61.1456
-0.5809344869957053 -0.026156550599800238 2.0 2.0 54.71395
2.2743753977981616 2.05877354279812 3.0 3.0 64.17956
0.17139442194788726 -0.5752845081583317 1.0 2.0 47.76316
1.7860082350108903 0.8932935314983513 3.0 3.0 61.59491
-1.6307995377242437 2.257123247618423 0.0 0.0 32.60074
-1.1587018819664685 -0.11050887845186302 1.0 1.0 42.88913
-2.182885606995744 0.18635565482574082 1.0 1.0 39.22232
1.5187838213449534 1.335896208630441 3.0 3.0 64.03141
-0.48763695497046 -1.5742928396569722 1.0 2.0 47.0622
-3.264464182574808 3.7197715318615785 0.0 0.0 31.60235
-2.2076015241678926 1.5608992401073787 0.0 0.0 36.10768
-1.5790655728033711 2.2622861971450776 0.0 0.0 36.80755
-3.812645773358817 2.419931535532586 0.0 0.0 26.6574
2.2990750497219934 0.7857843889819445 3.0 3.0 61.26097
0.5895448258773981 0.21478301403547218 1.0 3.0 47.61656
-3.251524459700518 1.7721622783818416 0.0 0.0 34.75845
2.3717655236017974 1.1132603690970126 3.0 3.0 62.04922
-2.414765260472239 -0.8260059409949885 0.0 1.0 30.77959
-0.6845413730030038 -0.7805534121046822 1.0 1.0 49.29034
-0.11915593766623386 -1.4017410952943758 2.0 2.0 54.66983
-1.7667761472815742 -0.9531706131440296 2.0 1.0 56.46857
-1.2241588396319945 2.280751645603018 0.0 0.0 32.65525
-0.5301947714854937 -1.1460520528552642 2.0 2.0 51.59456
1.5149127538459546 -0.03316099577081854 2.0 2.0 54.41167
-0.012575748720275528 -0.30626982034532174 2.0 2.0 58.43126
-1.7024268941110454 0.43077643769931206 1.0 1.0 37.00599
-0.1253051715214974 -0.13618591368343655 1.0 1.0 46.72641
-1.490118600719933 0.9285010250927754 0.0 0.0 24.96616
-2.2125107455771684 0.543433198804926 0.0 0.0 34.93056
-0.4580688146982744 -1.1706332396033436 2.0 2.0 53.61494
2.212378907852235 1.8233259286805863 3.0 3.0 67.26301
3.2390689078002324 1.667162859873305 3.0 3.0 61.15425
-0.08527860597575915 -1.1894469413052466 1.0 1.0 40.34804
-1.2163449147338552 -0.532548892949143 0.0 1.0 36.76602
-2.0216626538390923 1.729422256561164 0.0 0.0 36.49562
-1.1705130986203016 -1.1810721952022842 1.0 1.0 49.80539
1.5104522217879255 1.5492814705438676 3.0 3.0 60.77541
-1.3132799292991617 -0.506906972110743 2.0 1.0 54.63044
1.1036817470043208 -1.9157002872687943 2.0 2.0 56.64659
-1.8819459885587775 1.0314354702188402 1.0 1.0 41.4058
0.2700392804436439 0.7015774839004177 3.0 2.0 61.59093
1.897616500737427 -0.5370748551754121 3.0 3.0 61.04295
-1.3386984472378711 2.1751691147891687 0.0 0.0 33.05151
-0.15763616116736875 -1.6247706424588901 2.0 1.0 57.12017
-1.4102649147863184 2.261238461920259 0.0 0.0 35.10828
-2.702119482182801 0.841385232743373 1.0 0.0 37.20897
0.9737646134899739 -2.887323378080851 2.0 2.0 53.44132
-2.509722156199424 -0.6140812951458793 2.0 1.0 53.36418
-2.1054690947773884 -0.3901068875364597 1.0 1.0 37.45897
2.6076893820250744 0.42972769470520755 3.0 3.0 65.38876
2.275010929879844 1.1758794861360147 3.0 3.0 63.93145
-3.251434350065439 1.2680156920850658 0.0 0.0 27.16684
0.205991929958143 0.16414959337196908 2.0 2.0 51.59249
2.521307275431816 0.8532665507614378 3.0 3.0 61.91681
-2.7565158822385314 2.053279573744953 0.0 0.0 26.46206
-2.254692546499912 -1.5402144155534307 1.0 1.0 49.67161
1.224322449332202 0.4303584247450999 3.0 3.0 62.4395
-1.916147160800936 1.8255481641730704 0.0 0.0 35.54335
-0.39153263294672613 0.5108176062813985 1.0 1.0 50.63173
-1.1355343235304811 1.9398760088331477 0.0 0.0 31.08556
2.2784686177027083 1.2771621402338 3.0 3.0 62.68615
2.5458578717265734 1.1731424259352718 3.0 3.0 62.91847
-3.363598017072179 0.6800139153227723 0.0 0.0 28.39909
0.06796198435287538 -0.6536546314724232 2.0 2.0 51.85643
-1.0380305094251512 -1.265906691502261 1.0 1.0 49.85466
0.1402962626499151 -2.03882724472502 2.0 2.0 53.72024
-1.4398486689444607 -0.7725403213272022 0.0 1.0 35.7169
0.03741418782367897 -1.6002290575795242 2.0 2.0 55.3841
-0.30206998777770805 -1.7563853845021118 2.0 2.0 51.68118
3.1711607696234894 1.0570154352027723 3.0 3.0 64.58504
-1.1791451990631479 -0.621824276153005 2.0 1.0 54.49103
2.0405401080055285 0.7691678982554644 1.0 3.0 49.04893
2.7881874167562324 0.7638755014870965 3.0 3.0 64.087
-1.6006639164707692 -1.254950033143318 1.0 1.0 41.79641
-0.13028886511046636 -2.638777069311522 2.0 2.0 55.53633
3.175568588690714 1.4296731028869443 3.0 3.0 67.88457
3.5957382106476943 2.096914650031021 2.0 3.0 51.44581
3.4760302676722663 0.6990207635514551 3.0 3.0 65.5737
-1.7551267942857018 -0.6236149154807118 2.0 1.0 51.89018
-1.8533538744499498 1.0314283131993303 0.0 0.0 32.16479
2.071692722103608 -0.5105817418167019 2.0 2.0 59.77066
0.4501087025137249 -1.8873365196596927 2.0 2.0 54.30601
3.2631180630343932 0.21670924338493838 3.0 3.0 62.76624
2.4789565628864514 -0.7269362089155267 3.0 3.0 60.62826
2.3284193377364732 1.6407418253843393 3.0 3.0 63.51085
-2.494716840124403 0.30427980873853955 1.0 1.0 48.37058
1.9202197822232265 -1.267559278936143 2.0 2.0 58.06256
-1.0046755882320482 -1.6684818272421087 0.0 2.0 36.89884
0.18768392707483944 -1.421226839851935 2.0 2.0 53.85627
0.7699223601385574 -1.1410791986823952 2.0 2.0 57.96657
2.2116810046420565 -0.05941152150043736 3.0 3.0 63.92925
-0.7632971477691194 1.1223078008688068 1.0 1.0 44.82958
-2.0812350995100672 -0.40149190231938264 1.0 1.0 42.89701
2.2364318000958603 3.159681525793658 3.0 3.0 67.01948
1.853502915123474 0.4258094146646555 3.0 3.0 65.61796
-2.9652903661844108 0.7864510529911801 1.0 0.0 40.54225
0.9115966158660276 -1.8479485651364362 1.0 2.0 48.4369
3.044094658099112 1.321209942456244 3.0 3.0 66.71041
1.0265985923808756 0.9474198004666208 3.0 3.0 63.92621
-2.2685244823108985 1.9901446656442476 0.0 0.0 34.04152
2.0902837967599806 -0.1568004474825363 3.0 3.0 61.35879
0.7679552295950534 -2.461707188484771 2.0 2.0 52.81095
0.3689155369264212 1.365136084533091 3.0 3.0 60.86076
1.1087295371760402 -0.871735975431408 2.0 2.0 58.97836
3.1967400351973545 -1.6953507546074404 2.0 3.0 55.55946
2.4669243519930624 1.1622180451891146 3.0 3.0 60.62715
2.1045323053865244 0.08509535840685889 3.0 3.0 60.0448
-1.6378118308117093 -1.692023529601515 1.0 1.0 45.46023
-1.1830006307252101 -0.9206952746568972 0.0 1.0 36.66767
-1.0395990691954435 -0.023467022981191684 1.0 1.0 37.26122
-2.6520861614985773 1.194221448868204 0.0 0.0 35.33323
-2.6273900510590784 0.27537072038514493 1.0 1.0 40.83321
-2.418600135890493 0.6915088980197944 1.0 1.0 40.74104
2.4348982678464868 -0.09003472575137612 3.0 3.0 60.73507
1.8730326552521286 0.433365939239312 2.0 3.0 57.84825
-0.7481543193984485 0.4080474179606136 1.0 1.0 39.64141
-1.5276278496945201 1.8535040222166699 0.0 0.0 32.71191
-1.0140125912345337 -1.7242624476472803 2.0 2.0 55.53892
-0.9804083378478007 -0.5240773018824838 3.0 1.0 61.85937
-0.1856839159819998 -0.9274038691981962 1.0 2.0 49.01773
1.601200947493067 0.0775709771675487 2.0 3.0 59.71371
2.9700253132849106 -0.7337452566686345 3.0 3.0 61.93572
-0.6306493099611995 -0.8331223577848096 1.0 2.0 49.97073
2.2050752378574714 1.6585751749302036 3.0 3.0 62.76343
-1.5708376426205208 0.3243120066480785 1.0 1.0 50.20482
-0.44659021460392856 -1.0282136037737384 1.0 2.0 41.48795
-0.3764210482595936 -2.084237256731197 2.0 2.0 55.73428
0.39693476848847714 -1.9813401645597755 2.0 2.0 51.5095
-2.584478206269868 3.3981758966469298 0.0 0.0 28.63573
-1.5562906464758839 -0.06535226715571975 0.0 1.0 23.3917
-2.500736345203003 -0.8206992764459644 1.0 1.0 50.39412
1.2238288772713513 0.9328603565916094 3.0 3.0 61.62164
-1.2817233952414058 -0.5675811115182572 2.0 1.0 57.60404
-2.39486072582716 -0.1183520900270761 1.0 1.0 44.18085
1.4283414866172714 0.1036567101179634 2.0 3.0 59.03356
2.6628222695894057 0.95113969285726 3.0 3.0 67.64396
-1.8781977530632938 1.0665178947569323 0.0 0.0 30.425
-3.4620146182676734 1.218362903562565 0.0 0.0 32.666
-1.9768420541585685 0.6685943443914565 0.0 0.0 30.2923
-1.850263113258688 0.24998340552918005 0.0 1.0 35.84406
2.2008790996812175 0.2949385060247928 3.0 3.0 62.48432
-0.2996142087634648 -1.5639429441970325 2.0 2.0 51.79435
-0.30403831327705916 0.27638020533886926 1.0 1.0 46.63176
1.0371279207482216 0.3458829784670148 3.0 3.0 67.05989
2.7343448933684584 2.0525799723964004 3.0 3.0 60.83497
-1.8890971006732094 0.11535144991862639 1.0 1.0 42.35697
-0.08138296537633433 0.6226239727106414 2.0 2.0 55.86525
-2.2122194127834636 -0.4999191145627889 1.0 1.0 42.98768
1.0645270457781224 -0.2464766196488346 3.0 2.0 60.15938
-1.1663936973903974 -0.9916730062210564 2.0 2.0 52.91421
-0.8607895575322806 -4.466139711672565 2.0 2.0 52.63813
3.7042331727214006 2.6469132948934733 3.0 3.0 64.00205
-2.110368810086784 1.8434297297291742 0.0 0.0 36.11091
2.811283043019186 -0.5965319633228243 3.0 3.0 62.28682
1.4103387071535194 -0.29194222929318886 2.0 2.0 58.65183
-0.7093209626175481 -0.7401059593424716 2.0 2.0 55.02446
3.2283219540874946 0.347360730378324 3.0 3.0 63.86267
2.6501439769626143 1.1483500296281126 3.0 3.0 63.84915
0.24411310933203523 1.985757365534035 3.0 3.0 63.12798
-0.2145950351039857 -2.022998201337592 2.0 2.0 57.57311
3.584045539482103 1.8851858911249137 3.0 3.0 67.35489
-0.8755924928219309 -3.1317677704405753 2.0 2.0 52.50901
-0.08996586321445084 -0.13263754348690526 1.0 2.0 44.97359
-2.9465447479761537 0.7369123444105611 0.0 0.0 25.81265
-2.0009443895488297 -0.28616369378259177 1.0 1.0 44.87073
-2.090974442841474 -1.4292199911389873 1.0 1.0 44.3401
1.8850861986358867 -2.0905743087899733 2.0 2.0 53.38642
3.3394664902434066 0.4119325355718268 3.0 3.0 60.11659
0.9177679566873492 -1.7683791390311 2.0 2.0 55.028
0.5319331510468374 0.6162293373594053 3.0 3.0 66.50912
0.8966238254533611 0.12323278775909029 3.0 3.0 63.35113
1.7957796653096345 -0.3036220150539719 2.0 3.0 59.56267
2.173080867960606 1.1763482057480896 3.0 3.0 65.17383
0.6091744115941661 -1.4325989945349935 2.0 2.0 55.83092
1.1353605562451576 -0.04800193237123509 3.0 3.0 60.76667
-0.5748216436675363 -0.9739302395734368 1.0 2.0 44.86386
-2.036354529887553 -1.011667891472429 1.0 1.0 40.86537
-2.9416140552318226 0.7457638999301583 0.0 0.0 30.81316
-0.8007695358788011 -1.3933306707415976 2.0 2.0 52.62931
-0.5014385245984325 -1.942463324821695 3.0 2.0 61.32594
2.5578805653623 0.245358082033435 3.0 3.0 64.15915
-2.479879272306263 2.9925948270460196 0.0 0.0 28.32869
-0.8625036842608964 -0.426026182645413 2.0 2.0 59.43069
1.1163967547049212 1.6968948179494276 3.0 3.0 65.1031
3.0782035227641074 2.0756580517508096 3.0 3.0 67.03327
-1.5309879770312087 2.464782516684399 0.0 0.0 34.416
1.4277636421519115 0.7825015904770348 3.0 3.0 60.58557
-1.9030118652458736 0.2311396266357481 1.0 1.0 39.29326
0.9709338729334867 -2.6043540184456773 2.0 2.0 53.57489
2.536957526180653 1.4838677828957827 3.0 3.0 63.50757
-0.09653100626524833 -0.8822097257794577 3.0 1.0 60.71473
2.0289507974030125 0.06001652753909436 3.0 3.0 60.26888
-2.294018979154318 -0.6716843411863591 1.0 1.0 49.71341
-2.2321120290140017 -0.11163796277538952 1.0 1.0 48.40313
1.9045541223372546 0.6286032375550628 3.0 3.0 64.01513
2.9253156835041576 0.43413428499033363 3.0 3.0 60.75687
-2.00158377770004 1.7249095946407431 0.0 0.0 34.16135
-2.9346853084874684 1.1260466708318833 1.0 1.0 37.52933
1.1515072919678764 1.5617432725851592 3.0 3.0 61.65509
0.09216072358546888 -1.073476002371457 2.0 2.0 55.05637
-1.7055786393827939 -0.848599060670157 1.0 1.0 50.72027
1.3054258632247457 -1.4911905359722044 2.0 2.0 52.66429
3.720971993541093 -0.6642594717091307 3.0 3.0 60.33839
2.0311196923565764 -0.8454915288149938 2.0 2.0 55.12998
3.1173470403596206 1.113779481386767 3.0 3.0 60.65649
-1.533618091789378 -0.8460170992655758 2.0 1.0 51.57744
2.593922975248952 -1.2315843753751292 2.0 2.0 56.88169
-2.224604130799185 0.23600332212403125 0.0 1.0 34.0611
-1.02591523209319 3.0386187235080975 0.0 0.0 36.4818
-1.3697323021818806 1.9122028933133042 0.0 0.0 34.16561
-2.106599804601077 -0.5771520082844133 1.0 1.0 41.26719
-0.539430454076098 0.08466716890484884 2.0 2.0 53.38279
-1.5724230299388875 0.6137125615011968 1.0 0.0 49.84612
-1.9576864694719533 -2.1607180639263284 2.0 2.0 54.20223
1.971756700136916 0.14227233148856797 3.0 3.0 65.59379
-1.9699317973299066 -0.5693037777173287 1.0 1.0 37.13095
-0.5157337392306227 -0.48841086288902585 1.0 1.0 42.03692
-0.5428944651044815 -2.2121987246994896 2.0 2.0 54.60107
-0.7418957408265329 1.4807143856111051 1.0 0.0 40.18628
-2.0403942353413473 -0.5634117549676496 1.0 1.0 38.62895
2.0531599003369694 -0.6089910020940889 3.0 3.0 61.87427
-1.705578639382794 -0.848599060670156 1.0 1.0 50.25188
2.870556923081448 1.5746033108479025 3.0 3.0 62.57961
-2.3322681387462474 1.0412527536814857 0.0 0.0 31.9401
-2.0681921815400446 0.9867352037280451 0.0 1.0 32.69115
-1.5724230299388875 0.6137125615011967 0.0 0.0 29.75645
1.6415690503544067 0.08906194803469294 3.0 3.0 62.7912
2.4282094037214867 -0.029073403955510328 2.0 3.0 58.08544
-2.312674029117938 0.1884977727857448 0.0 1.0 34.94482
2.1027278457211214 -0.2633638557781354 3.0 3.0 62.63645
-2.15604042022565 1.949921929247758 0.0 0.0 30.5294
-2.4394239959310697 -0.35718592096355745 1.0 1.0 37.2958
-2.231623759107722 -0.09102286625567924 1.0 1.0 47.42228
-0.24641264187971013 -1.12932985624259 1.0 2.0 47.33162
3.17178189150536 -0.14390071131525511 3.0 3.0 62.89132
-0.5589828419705225 -1.9025555618645744 1.0 2.0 49.62736
-1.0378222429979966 -1.4023068346290886 1.0 1.0 44.30367
2.245045816031599 0.6332065010518784 2.0 3.0 59.56586
0.7722315717133603 -1.2120481630076305 2.0 2.0 57.16939
0.48154140173739407 -0.10709785028625275 2.0 2.0 55.09217
1.614790553877066 0.4030988991886108 3.0 3.0 61.93636
-1.6128960115754858 -2.481704781266399 1.0 1.0 44.57525
-2.780584823221703 2.0135467147772905 0.0 0.0 29.87142
2.65620878127914 -0.12354483045352366 3.0 3.0 63.55353
-2.7721105905393126 4.223274365306997 0.0 0.0 36.78007
-1.363553590676232 -0.10728572402890134 1.0 1.0 45.27093
-2.039941138485858 0.4398228408546342 1.0 1.0 42.95081
-0.8741890269354257 1.7480195016647715 0.0 0.0 29.87514
-0.12686870772401312 0.8813221229887263 0.0 2.0 33.92537
-0.6929162753435452 -1.49195648501235 2.0 2.0 51.68592
0.9238912412270881 0.08950436183107952 2.0 2.0 57.34726
0.04762127260703815 -1.5342196829434707 2.0 2.0 52.93727
-1.898217580035574 0.8444777254582257 0.0 0.0 30.47625
2.6589765397490392 -0.18002197107569015 3.0 3.0 63.31435
-1.0369595486342735 -0.5987340111687636 2.0 1.0 52.98572
-2.1530557138271984 2.899521983407957 0.0 0.0 24.31313
-0.6813079995277954 -0.7947265332486811 1.0 2.0 41.60284
-0.6028776044502788 0.27725154722923767 1.0 1.0 41.7464
0.4660730520175547 -1.2980162287742003 2.0 2.0 51.52158
-1.32001476320293 0.2990284178251701 1.0 1.0 37.50439
1.3130257037502246 1.5851389489077023 3.0 3.0 65.79032
-1.3027148727129942 -0.9840732575844311 1.0 1.0 44.95106
-2.00094438954883 -0.28616369378259177 1.0 1.0 47.53413
0.3414472281275221 -2.3333479319669217 2.0 2.0 52.67144
1.2952604598568649 -0.3339614377732554 3.0 2.0 63.58362
-1.9508466766136878 0.12826989023865498 1.0 1.0 39.42078
-2.425931645746015 2.9637880777607837 0.0 0.0 34.77756
2.3371430557564397 -0.7513324440760946 2.0 3.0 59.69439
-1.656930845226283 1.0330580901776885 0.0 0.0 31.01138
1.3438122953055591 -0.22461225365749898 3.0 2.0 61.79559
-1.8890971006732094 0.11535144991862664 1.0 1.0 50.28997
2.038530919705676 -0.5463250039834529 2.0 2.0 57.63968
1.3051354495180607 -0.7329132051491575 2.0 2.0 59.42534
2.9259228869231872 -0.5497198293206583 3.0 3.0 61.05878
1.6289848991709401 -0.17936613083835448 3.0 3.0 61.56556
-0.1293984623481931 -0.011374352203182315 2.0 1.0 55.95374
2.337359446898163 1.0227218472801998 3.0 3.0 67.34312
-3.315158945491998 2.353170126404123 0.0 0.0 36.94848
2.4867771128277956 0.4249916906344889 3.0 3.0 62.36278
-2.2138302156586485 2.5505663370331995 0.0 0.0 26.72003
-1.8035581318301166 -1.9851740679663663 2.0 1.0 54.83472
3.665639936547934 0.06486434293735927 3.0 3.0 61.03619
1.744758205347876 0.5576048101629213 3.0 3.0 66.99979
-1.764230623646606 -0.6665337762241507 1.0 1.0 45.90091
-3.111433415860842 0.5808301584859837 0.0 0.0 25.433
1.0444672182462593 -0.20953052004437261 2.0 2.0 51.17013
-3.608054151034018 0.729471190852052 1.0 0.0 43.5194
1.4180941042632358 0.19262263262119256 3.0 3.0 63.5437
-2.8945076780067316 1.437684155978912 1.0 1.0 40.95871
1.729438079842804 2.0628238793252014 3.0 3.0 63.4667
-2.883473682167799 1.350492612158547 1.0 0.0 42.71479
2.3983183777137955 -1.342501804199761 3.0 3.0 62.13669
-1.247250523962203 2.080566659121523 0.0 0.0 31.54777
-1.2240531559812342 1.2630344945265002 0.0 0.0 29.68259
2.36434868719268 1.8083419139488521 3.0 3.0 61.55797
0.9120657430442868 -0.7869004417205947 2.0 2.0 55.94151
-0.5136081874111637 -0.7903119278192811 2.0 2.0 52.51291
0.7909371274178583 -2.4643104470925494 2.0 2.0 53.47154
2.0056315501318283 0.4814904380948892 3.0 3.0 61.02164
-1.0557982308154212 -0.645757935912407 1.0 2.0 46.5603
-1.881601947168311 -0.1959332481287943 1.0 1.0 41.85835
2.9151008226812776 -0.18704140698696492 3.0 3.0 62.46866
-1.8488311743230716 0.9348350183767771 2.0 0.0 55.0454
0.0976291289869627 0.6422933335283155 3.0 2.0 60.94425
-1.0458189106734321 -0.07207383382519757 1.0 1.0 48.9328
-2.4175641313841423 -0.29986849533364174 1.0 1.0 41.29828
2.0604645425975106 1.0165084201305834 3.0 3.0 60.49189
-2.108974145097504 -0.29134010783975056 1.0 1.0 42.89976
0.08689409455902908 0.03343380622159963 1.0 2.0 50.34448
-0.7960533873242471 -1.6968917420398637 1.0 1.0 40.9523
-0.3115944509522407 -0.16431061423495014 2.0 2.0 58.17235
-2.0024325900954643 -1.2879258347171725 1.0 1.0 49.99371
-1.686030785372306 1.0492606813796486 0.0 0.0 32.5531
-1.6468515394589538 -0.01499546338965555 1.0 1.0 37.60405
2.4843044482015597 0.6919993907171764 3.0 3.0 65.85786
0.6802277614483366 -1.3551861615797853 3.0 2.0 60.23916
-2.509824151095456 1.1645497402704543 0.0 0.0 33.64392
-2.5020454796459046 0.7805788292458835 1.0 0.0 43.47967
0.453888469402386 -1.4848374142688412 3.0 2.0 61.2892
2.230402893882908 0.7820412088419638 3.0 3.0 66.26018
2.021124917404926 0.9090978814230933 3.0 3.0 63.95564
2.557431835821131 1.9294955195641637 3.0 3.0 66.72454
-0.802065303273843 -1.0927476185872205 2.0 1.0 57.73741
1.6157884233828734 -0.17213637564208287 3.0 3.0 63.59159
2.3251472165275233 -0.9312408905603637 2.0 2.0 52.74479
-2.910808814024667 2.2475834145459492 0.0 0.0 35.87187
2.729968125969861 1.1159390879614344 3.0 3.0 61.74029
2.7862842414005766 1.1416401605587856 3.0 3.0 64.19671
2.815196273883539 2.5778074238395217 3.0 3.0 61.62455
0.24879058863385276 -0.20760374805619056 3.0 2.0 60.94757
-0.9261977341751655 -0.42452198029521926 1.0 1.0 46.42281
2.287347199075825 -1.4839949436293476 2.0 2.0 58.79848
-1.8804162544221648 -0.7966109121301154 1.0 1.0 41.38077
-2.8367397104492404 -0.12949277104649615 1.0 1.0 41.95096
0.21988899664526734 -1.0750023385105074 2.0 2.0 53.51815
1.864323221741618 -0.8443261960995829 2.0 3.0 54.03386
1.8286040973737892 1.211107045772453 3.0 3.0 61.26421
2.4335128633176777 1.2030998676798579 2.0 3.0 59.89847
-0.26092021952771266 -0.8246254176385327 2.0 2.0 57.26818
-0.7069379448744642 -0.9971966784268466 1.0 1.0 44.19189
2.5376848343068987 1.8319249162167421 3.0 3.0 65.61594
-1.968334689751421 0.06648649316814646 1.0 1.0 49.42682
0.2738095983860498 -1.465175239542958 3.0 2.0 60.54489
2.9610093893035128 0.16704220755904384 2.0 3.0 53.9436
-1.9045403519329225 -0.06610218854467467 2.0 1.0 58.27578
-2.2482026399263053 1.471498863377979 1.0 0.0 41.58511
1.1896755955349432 0.26032553308921313 3.0 3.0 60.61245
-1.7221048127228593 2.155133600271256 0.0 0.0 30.10816
2.8677692678263838 2.5811959825152453 3.0 3.0 61.60693
-1.7365655787364183 0.06243053242525892 1.0 1.0 46.67161
-1.1663936973903974 -0.9916730062210564 2.0 2.0 51.66818
-2.9724001367852853 -0.58519270872532 1.0 1.0 47.35889
-0.5770848044264725 -1.1160021268085512 1.0 2.0 50.4191
-1.5884793597444555 2.829549631808285 0.0 0.0 31.77211
-0.16378078299614107 -0.4115307489626063 2.0 2.0 51.71358
0.01753085889614264 -1.1774579139301407 0.0 2.0 27.37271
2.7433797974440797 0.02544257527846415 2.0 3.0 58.06773
-1.8690627969649636 -0.509623711905254 1.0 1.0 38.293
-1.7207288616956582 2.2763195638618376 0.0 0.0 26.08872
2.604801321040251 1.1758385800519922 3.0 3.0 68.74268
-0.962804772619413 -0.3128012621295813 1.0 1.0 46.76008
-0.49991621836754296 -1.06626305914913 2.0 2.0 54.40348
-1.6370827696104893 0.6544655887986307 1.0 1.0 43.5273
-2.1120876372929343 1.6569568482856676 0.0 0.0 31.94409
1.7109015388486832 -0.41502526624500435 2.0 2.0 57.22233
1.5878604525711646 -2.3580427779391213 2.0 2.0 53.49017
0.09870736017370328 -1.5792099229963792 2.0 2.0 59.26101
2.8869628788057877 0.980767767177212 3.0 3.0 61.63651
2.0927056436014775 -0.5296781016217914 2.0 3.0 58.1393
1.9466884463230143 -0.7805797805530094 3.0 2.0 60.10222
-2.583616812367459 1.9267017059505651 0.0 0.0 35.38241
1.0890342835685662 -0.08362630694313189 3.0 3.0 63.38892
1.7483910644600653 0.7262140037991608 3.0 3.0 60.66488
0.0697933074374666 -3.6622864394845847 2.0 2.0 55.93285
-1.575802029417648 -0.7251532882335602 1.0 1.0 46.55621
0.8944672169771329 -0.8856620891826579 2.0 2.0 56.96421
-1.6588658744687683 1.7278110162436118 0.0 0.0 32.85299
-2.297345891739743 0.4450299813223082 1.0 1.0 41.98761
2.0336449777828793 0.28111985335309014 3.0 3.0 62.41892
0.752637815052759 -2.0928774162136854 2.0 2.0 53.99544
-1.8205439174001325 -1.952145708876985 1.0 1.0 50.9234
-1.8125416978036617 -0.7153745506796876 1.0 1.0 47.84315
1.7760454391702052 -1.0642614312512126 2.0 2.0 59.38401
3.146125036277601 1.0891805039129485 3.0 3.0 65.27986
2.4566209796441925 -0.2444928935637919 3.0 3.0 61.83417
-2.1708934887019833 0.01425880586279337 0.0 1.0 34.40814
3.434064611066315 1.2870946300082462 3.0 3.0 64.17305
1.682146573907421 0.37446581185584704 3.0 3.0 62.63153
1.009828023594184 -3.203865253698297 2.0 2.0 52.40303
-1.1708333300994895 -2.2277385900580753 2.0 2.0 54.73473
2.712233310500506 1.640821923376896 3.0 3.0 65.0084
-1.4941145532152016 0.027470727712895614 1.0 1.0 46.92558
-1.4415712492303574 0.7089314941346101 0.0 0.0 29.95606
-0.03240644838445012 -2.062683897118243 2.0 2.0 55.88542
-1.6309348285716927 -0.30261456051100766 1.0 1.0 44.01579
-2.7034515592935824 3.4655760164023532 0.0 0.0 27.05145
1.7559142451454914 -0.0817919240443149 3.0 3.0 62.38022
2.296783820903691 0.9994568381901578 3.0 3.0 63.67171
-0.5808967880189067 -0.9911754580252784 2.0 2.0 54.0125
2.5023360876010052 1.7196099794626476 3.0 3.0 67.76351
-2.081954649289746 2.0930983909238323 0.0 0.0 35.09072
0.48926470343847694 0.257296167897705 3.0 2.0 63.63532
-2.905420700439803 0.07661391297726164 1.0 1.0 47.17365
2.030252661701475 -2.0453860031671383 2.0 2.0 58.45625
0.9546313883169073 -3.152369613330477 2.0 2.0 54.27317
1.2897550051799813 -0.25153171516197226 2.0 2.0 54.33792
2.984730503891353 1.4967394576125765 3.0 3.0 65.66134
0.762415960310737 -0.9404305101017538 2.0 2.0 52.30774
2.2893616390637175 1.668883863151694 3.0 3.0 62.97636
-2.9238246403646677 1.6359144415610156 1.0 0.0 39.17508
-1.7048667328696 -1.1039910194864206 1.0 1.0 46.49564
-1.5864894955661697 0.5221969352804273 0.0 0.0 32.26244
1.8995194001689457 0.9575396484226627 3.0 3.0 64.07832
-2.39139904286006 0.5287410126361237 0.0 0.0 30.69247
0.6823962550230891 -1.5891396994278153 2.0 2.0 54.07744
2.2197492223556465 2.114115652431543 3.0 3.0 65.78538
-0.5868450036294673 -0.4887247494014058 2.0 2.0 53.1448
-1.8762948998823932 1.1646631737759503 0.0 0.0 30.66238
-2.265818917233852 0.6476445532494379 1.0 1.0 38.0269
-0.530437105309618 -1.2885943942950044 2.0 2.0 52.057
1.5501768037450512 0.051291265025373206 3.0 3.0 62.49348
1.7759982723581853 1.4001817320091527 2.0 3.0 57.511
-1.732626876949467 -1.1026503406093195 1.0 1.0 50.59968
2.2073533363841964 0.9511127132218087 3.0 3.0 61.7746
1.9464690320076876 -1.1911253626837577 2.0 2.0 59.39796
-0.8274887368497124 -1.888815366744392 2.0 2.0 53.75082
2.228428953718064 0.28490431522602044 3.0 3.0 62.45256
1.6293617180984519 -0.8827052222487437 2.0 2.0 55.54307
-1.2888763693650946 1.6660294520830268 0.0 0.0 26.17974
2.1750589901877277 1.1781589795380552 3.0 3.0 61.96005
-1.3673167197195077 -0.02662131501998616 1.0 1.0 37.72941
-2.1184337320489823 0.7142767374818679 1.0 1.0 42.99386
-0.8309007623387461 1.0963502294742464 0.0 0.0 35.43274
0.4751058790859826 -2.1265846027588147 2.0 2.0 53.40088
-1.3684671601503817 -0.5241905040967065 1.0 1.0 48.0253
1.8434215809856915 0.8451570469907094 3.0 3.0 61.83988
-0.668865937445606 -0.6882397079625633 2.0 1.0 55.90425
2.619556228172764 -0.05704414142916624 3.0 3.0 64.22318
-0.973010845664742 -1.1637071894623294 1.0 1.0 48.10639
1.7740305361903141 1.5976312512241309 3.0 3.0 61.98824
-1.2559300086229623 0.46645457903273313 1.0 1.0 41.05834
