367.10351
369.46149
372.80215
373.27368
372.5287
371.64559
375.71993
375.08557
378.23981
376.60359
383.95807
372.46516
380.47302
377.45575
382.71575
386.42366
388.9637
384.73529
383.7499
382.04692
391.40783
345.33446
371.04073
381.99497
329.25609
371.85168
390.95607
384.3069
389.24763
342.23442
381.58989
302.95455
378.59715
368.47996
385.24554
396.37503
387.54031
397.33366
401.6825
399.42807
375.76734
368.40317
374.88498
375.42169
377.28776
376.40678
384.93909
377.83753
374.78769
384.43076
373.21737
370.67884
370.42409
329.46929
373.92849
364.35803
372.61675
384.08653
383.50256
386.73364
376.19854
353.93629
354.04358
370326
372.52639
378.54097
378.58256
358.17613
373.03728
311.91416
375.95922
383.75999
362.22274
370.11123
383.73305
386.27569
360.36421
377.27481
392.32244
398.84934
372.82982
373.4146
377.42286
378.09932
378.85884
372.67831
381.92535
376.26732
372.93201
380.17946
376.68089
376.81369
355.96453
382.84273
356.69439
376.9867
378.14857
381.44796
370.04012
349.80239
384.50503
350.27542
379.19379
363.29489
361.23982
321.56255
263.43365
236.01261
345.10744
326.75636
261.8874
339.72849
374.64901
355.20558
389.81385
389.7564
351.86474
392.19614
382.58782
374.34977
378.9377
379.40662
378.92482
380.92457
376.80363
379.82449
371.46421
372.91054
379.00842
378.31328
384.56186
387.73249
367.30373
380.51046
299.6507
329.85566
386.82752
376.38899
386.51214
389.29629
385.09231
350.66161
374.24893
381.11012
303.50718
379.77577
372.41503
377.1242
385.11908
394.98867
373.07188
386.95115
388.6737
386.47012
397.02891
387.36603
392.34311
384.81984
402.48076
381.97441
364.30063
385.61259
382.74788
382.43679
383.45861
385.42259
382.58163
382.96021
387.48355
380.42077
372.31909
387.73672
391.72466
376.57039
377.45472
381.74726
344.22936
390.91487
380.13406
384.65251
383.22314
376.29595
384.3097
384.07364
378.25398
384.66392
377.25434
384.06133
395.89056
397.16464
349.47542
382.15272
390.37611
394.45066
380.25098
387.01114
397.10307
381.9293
384.47668
457.12747
449.44942
447.57387
443.62275
446.15423
442.9565
439.45046
436.26358
439.48784
437.77875
439.75542
436.98087
440.8157
440.97337
426.91061
445.57492
428.16514
442.57548
441.72387
443.9506
444.24378
445.98808
447.10716
447.38886
450.3567
448.6249
445.27603
445.25923
418.27467
342.61953
341.99975
345.50577
340.90535
323.63667
309.98381
292.04438
287.95162
274.69076
241.19395
456.01316
449.63387
450.16825
449.44286
444.52147
437.35501
445.52733
438.69483
444.22795
434.64055
435.23097
434.80667
430.73539
442.56425
439.28851
437.45878
439.94161
436.93102
422.10966
441.76918
441.50837
427.85712
449.73517
446.2655
449.58777
432.30713
443.09715
446.66969
441.33481
332.62335
340.3586
348.36036
328.02159
322.46466
324.33723
316.88626
284.84684
293.61531
215.70144
452.53121
453.57286
450.03259
446.96793
446.81364
441.4478
442.88127
435.36434
441.87251
434.98864
442.09884
435.65395
440.38223
440.44596
443.12849
441.35694
435.11207
440.82314
447.43352
441.46118
441.50907
445.07853
442.21946
444.84829
451.72381
452.44078
448.65528
447.13308
439.83699
342.01914
327.1327
338.64066
320.0338
328.55265
319.66521
316.89698
234.41084
263.33864
182.5478
454.69284
452.96047
450.42726
448.28422
447.56646
441.59519
440.59537
432.78759
444.17062
437.27351
442.9834
435.56872
441.74551
448.80505
448.67401
447.43265
432.86264
443.44457
445.30257
438.02671
443.26355
448.27935
446.81083
450.73444
452.84789
454.21611
439.17898
338.44665
338.09837
338.28303
333.34817
330.74687
300.70704
285.8098
265.11821
241.27899
98.68103
452.83861
452.09163
449.67955
447.07827
448.98812
444.5449
443.86999
440.49593
446.92682
440.50985
440.36911
440.8894
442.54917
446.11019
446.32546
438.79891
436.76639
443.07305
443.1599
446.54578
442.54947
448.80449
444.17953
437.62404
446.77935
448.84017
450.32869
447.01755
428.56509
343.20604
342.66141
343.23107
332.04694
324.41299
320.34363
320.01913
250.64709
238.02346
143.69281
446.41225
444.99082
444.39421
433.30819
441.27502
441.04071
433.73395
441.03821
433.45874
440.17981
428.16451
420.38876
427.52847
427.01312
424.68884
427.32195
421.40164
421.10283
426.43673
422.91644
423.41116
421.79172
422.32176
405.83419
415.9169
423.22323
413.38125
418.86381
419.42636
419.24347
418.5564
414.10567
415.6387
415.23096
415.13393
415.63306
411.83049
388.26722
444.99796
441.98305
445.20412
439.61963
438.76405
438.65125
426.45694
442.75809
429.50792
435.47043
427.0674
429.84087
427.37927
428.06144
427.76839
432.25549
426.50744
425.83737
421.03848
405.68594
425.41128
424.33222
415.24623
417.26342
411.84687
418.6196
411.89298
410.48419
415.63519
414.39195
401.81994
410.36629
410.73443
412.57406
410.29395
407.21831
410.13233
406.17337
445.66973
444.37929
444.19665
440.49728
438.36397
437.51369
432.97914
440.07053
421.19514
436.03606
427.21341
424.41993
431.44919
427.23829
424.20596
420.71835
421.75843
418.33351
402.27137
410.67368
426.79747
421.65808
422.14356
409.7803
420.67724
417.20351
407.75759
416.16511
418.27164
414.58494
408.23504
391.10537
406.42554
406.91701
412.49987
406.46026
414.07114
407.80669
447.43042
419.62836
442.30805
441.96557
438.97642
437.94524
434.20945
439.07785
428.22814
433.46564
425.87752
428.28893
429.16158
432.75777
415.14103
414.46689
419.44277
423.44328
420.47251
420.36618
423.49635
421.38081
417.17722
407.00607
427.25016
419.92661
407.21555
407.35408
408.21209
408.18331
406.03841
414.73913
408.82025
416962
409.41011
411.48448
391.76945
400.46622
450.20726
437.59475
442.13663
437.11998
438.7978
437.49667
428.84987
435.79546
429.7776
430.82252
424.99695
421.65047
421.5986
425.61031
419.9315
426.13922
422.88655
421.0116
416.37727
415.26416
421.46193
420.5978
408.26516
411.3847
411.33371
415.97488
407.94888
410.74614
405.40431
390.94738
411.96537
409.52175
403.63812
412.14169
409.16725
407.99353
406.46192
400.39512
430.84388
423.28317
431.03442
433.85856
429.14203
431.91457
434.95242
434.25525
435.08105
432.97668
429.50592
426.94266
430.70261
431.44433
432.36459
430.95478
426.58828
423.03563
430.11155
424.09015
428.17164
424.28499
429.67515
421.73003
429.19746
422.16707
422.27067
430.68747
426.02556
426.21745
420.70763
426.4728
427.00845
430.55474
429.44718
430.0866
428.6479
426.52011
423.65579
433.29841
430.23745
431.71979
430.89698
429.58912
433.91027
437.25605
433.18336
434.82358
431.90734
429.66969
424.15554
430.84117
432.44
431.16708
425.70798
431.20116
424.61743
425.62952
424.34265
427.05613
420.70886
422.38576
427.42726
427.09051
414.2083
425.2976
423.34712
425.0696
430.03941
414.91607
426.78282
420.33903
426.65282
420.64634
425.44925
430.12084
426.07007
420.65525
428.48508
427.82237
430.0686
430.02457
430.36489
432.10048
432.88522
430.62526
427.98587
427.50692
425.15605
426.09151
427.44132
427.64829
430.78088
423.11203
418.18328
425.84996
422.96881
421.20714
425.61674
418.05567
423.47073
424.21491
423.92812
405.18147
415.86604
417.88939
423.92688
426.45253
403.78241
424.75939
420.13723
423.84691
425.58892
426.03817
423.29934
422.26122
427.31596
426.07165
426.16887
427.66803
432.04686
429.7707
429.65348
433.4007
430.51606
430.98101
427.80733
424.19185
427.77824
426.97305
426.75919
429.45466
423.01632
424.20569
424.20513
421.97655
413.98862
423.74462
420.91553
421.44325
424.16337
427.17984
416.23175
413.07152
421.10269
424.25575
425.52807
413.31338
422.21337
420.84897
424.67684
420.84091
419.92519
420.25451
421.11399
396.9324
422.13478
429.8125
430.01119
426.36599
426.54746
426.85861
432.49522
419.2941
430.66443
425.1117
427.08052
425.96726
427.43795
426.29243
426.25266
424.45803
423.29539
424.23323
422.25373
422.80689
420.07565
413.74621
418.85186
420.02173
425.56519
419.83617
420.13492
429.34356
423.02286
423.47335
406.39627
424.02199
415.93783
422.82531
415413
414.32276
421.77848
420.64382
386.39243
188.00681
234.02589
279.6264
298.61735
333.62237
344.86703
346.53243
359.32448
350.57387
353.73447
361.41746
365.45018
368.18356
375.80161
395.87863
381.71679
399.60794
401.43466
394.71383
398.04869
431417
411.62291
409.39016
418.6804
423.07118
427.58944
430.85454
431.09751
432.27645
429.96091
429.31502
426.24256
444.11124
437.4028
435.23758
436.26743
429.71277
434.48782
428.05263
443.54316
436.3909
433.91535
445.57089
439.88382
436.42889
440.10552
436.37319
441.97179
444.09781
215.31867
259.18902
303.53228
316.96602
329.28316
346.00616
348.31419
351.51882
347.29441
361.03979
371.16047
369.34259
376.10796
378.75274
393.02701
369.30847
380.82516
400.66589
393.85098
401.77063
423.49373
416.55786
429.05299
419.49534
425.56386
429.45428
425.94962
428.74062
433.64273
436.4002
429.8851
430.46563
430.83523
428.24308
442.70118
432.61677
433.21564
435.72073
433.1184
434.74275
443.07289
444.6723
436.70623
432.80475
444.80667
436.78218
445.9924
439.75131
439.13999
225.07953
249.43263
278.67954
318.07505
328.95238
338.18953
342.29217
343.31765
351.32378
350.25937
372.52737
356.89147
370.22795
378.63133
394.9603
386.09096
383.26655
393.19599
400.24422
400.25672
421.80224
416.0479
428.61051
421.07468
418.13209
424.55175
422.96681
435.64153
437.06292
437.38123
432.12454
427.41921
431.94717
436.34788
428.77712
433.27528
431.55408
432.15367
433.20607
444.53552
444.23357
442.4223
443.31012
444.02733
440.60412
440.74665
443.37045
437.05588
446.93735
241.86663
264.0732
287.25242
326.72403
333.73222
344.86616
346.77807
351.38495
357.5072
351.8379
370.36926
369.77426
377.53977
376.15533
391.42173
402.6548
389.72079
390.98606
394.49568
405.28209
416.09314
420.72281
428.07207
426.55829
419.4533
426.61178
425.17916
428.45788
418.87103
428.97849
445.39597
428.60785
443.87037
434.08423
438.09756
429.33843
446.37686
434.12196
441.46271
434.91499
438.16786
435.57602
444529
446.35154
444.26249
441.50933
445.4809
443.29369
449.01829
220.65216
284.10211
310.4399
321.85375
339.16612
344.06661
349.69566
354.47498
350.32715
367.60958
358.02557
372.90217
374.92786
368.54842
396.83431
377.45601
425.72258
391.22669
407.85533
408.17321
421.50283
421.98496
417.88242
422.96873
433.38469
424.25733
428.67894
429.35178
427.88367
429.61739
433.24733
429.08837
428.77541
432.3666
432.84264
429.44082
436.31791
436.34454
445.40878
432.6859
437.14688
435.89905
444.45188
444.93272
441.42136
438.36379
445.90475
446.12803
445.55881
54.93092
193.02782
328.2513
341.82073
375.63118
373.5711
379.25884
379.90518
378.71246
387.41907
376.13453
373.54443
376.38639
393.16837
432.15504
419.00135
427.97106
425.72914
409267
413.1102
430.76974
415.7645
427.64405
424.64175
421.1041
427.03858
421.09512
424.38114
423.39337
424.77019
423.79612
429.90076
429.52143
421.27509
430.78195
419.00325
419.55233
419.57034
419.19399
412.09853
407.91244
415.13504
113.8655
150.88496
318.6881
327.38552
375.84647
378.40825
369.94217
372.74765
373.75298
379.50103
370.10237
376.22819
374.20291
395.98626
429.86417
429.43755
421.66564
421.63698
419.00423
421.37588
428.92454
417.3967
412.62872
425.3574
422.60455
424.3893
424.56986
416.44343
427.22863
423.44171
423.45232
427.26079
427.2183
422.36412
428.05801
426.24638
421.97724
420.29376
421.99405
421.82917
419.09878
419.94311
107.68221
232.86035
325.44933
363.85873
368.48656
379.97562
369.6429
378.57036
384.19437
389.60121
377.65999
383.94377
384.20425
398.01222
432.83589
430.91904
427.73749
430.24049
423.43201
417.69552
423.46922
428.2344
423.95709
428.82312
418.89317
421.58528
426.32774
428.6214
425.38239
427.26642
425.09917
425.0421
427.74575
428.53319
421.2736
420.70837
414.75832
422.68995
419.83557
422.81811
415.08844
134.87521
275.51473
318.84179
354.41892
375.58259
378.07771
374.67152
372.32094
384.04348
370.86571
375.7489
386.67481
379.36092
400.75924
431.65845
432.41636
425.46791
426.53561
427.26155
420.74225
420.5118
428.25765
425.98986
427.70289
428.4623
417.9308
426.62931
426.85044
420.31336
420.1084
428.73693
424.64559
426.41291
426.22661
424.36952
422.52343
419.38475
415.70584
319.34802
420.44586
415.71596
103.35889
234.94902
296.94269
335.08658
355.69755
379.18586
378.28721
373.97442
369.57623
380.18342
382.17549
384.0652
382.51592
391.39392
429.15928
434.24355
431.12752
428.36561
426.27299
422.52687
427.01779
411.3921
425.81245
426.00957
426.8392
410.24514
420.41638
422.93974
426.30727
426.15599
422.50252
428.30713
426.34113
426.07504
428.52799
425.45683
423.44133
422.6776
417.51847
417.98492
413.99758
416.1987
314.16457
168.02576
261.45943
340.49501
326.15564
338.2442
313.88781
147.67349
339.41037
367.30789
339.30988
394.60121
394.49143
407.75781
367.93853
407.75333
400.61709
320.27917
399.54882
409.89784
394.66902
390.38434
385.91988
401.93619
398.38558
383.28436
317.85262
386.68576
406.29297
407.57385
399.34168
399.50043
346.80008
355.84748
388.81572
353.2481
365.69035
309.78638
394.07924
217.91462
289.5078
144.38331
265.23078
230.93573
222.3973
195.02436
356.58159
381.35305
367.24678
386.19154
387.43655
297.97171
346.46899
362.67975
375.05251
371.63431
407.79812
388.61568
398.74678
402.85056
383.78595
327.46722
331.95004
382.77555
380.26555
367.97905
401.95987
403.30852
327.9955
401.77091
399.19639
398.67402
383.37326
337.74683
402.13629
389.81314
366.64256
332.86296
394.41975
389.12497
284.26709
295.57814
228.07504
301.53601
337.31553
339.66195
42.21071
349.87512
376.74185
341.51337
363.78728
333.11209
392.95012
378.1831
389.66797
363.79936
372.51752
373.43648
329.88513
228.8058
397.04928
87.10472
384.89186
354.17681
332.82854
218.41791
303.33008
166.5995
400.64426
186.77131
353.71947
401.57042
400.30032
375.72512
316.73954
313.82589
386.70415
346.13947
315.08621
235.46379
325.99455
351.56912
367.83569
328.11353
358.50682
261.98009
182.78255
340.90595
321.60016
347.53031
365.6454
376.67477
309.16491
351.47521
367.10831
363.53447
384.41721
260.79666
357.74443
387.40951
386.81527
246.97419
346.28925
392.44013
33.50434
346.2138
393.18921
399.43571
395.40192
371.83865
393.94352
387.82695
306.2016
255.47931
321.09222
363.68343
197.05274
170.93354
231.28339
300.37477
355.85957
368.57498
230.28289
335.4059
208.69924
376.35856
285.99484
317.10438
358.97251
326.31491
251.49127
390.64971
367.71051
345.66923
359.28139
367.32398
306.81349
284.6708
395.02521
396.71418
318.43472
370.68503
338.12857
380.03199
393.24705
328.07917
396.5567
399.28075
364.18183
323.39673
385.65684
387.94011
255.81961
397.44261
386.35984
269.04008
320.95004
386.41528
314.59841
326.68985
378.66954
376819
379.5541
356.12725
386.68983
364.8538
382.35057
374.81368
372.8156
373.34126
355.98504
351.80494
351.13298
321.52807
362.53878
373.45472
346.26108
180.69091
375.14579
366.73047
375.7153
371.43509
360.84318
345.44047
365.48931
331.30897
299.35515
261.50757
330.20661
368.32964
368.12218
360.97502
343.16088
362.95081
253092
349.17121
322381
316.63798
329.39632
325.24228
354.16528
377.27227
371.53242
356.63766
380.6408
362.51919
309.44516
280.72175
328.40423
363.55225
334.12205
345.53194
336.68235
355.19312
372.1973
304.9211
356.49866
371.87857
360.50187
367.01648
359.43797
285.03607
357.0964
355.85041
334.21971
364.98579
363.41655
370.91566
366.92898
298.87472
342.19022
344.15764
363.19259
343.36341
347.75587
351.25469
341.73482
332.3917
274.22765
267.26955
370.44226
351.84202
348.12641
329.38041
342.97699
364.28284
338.10852
307.90731
334.94576
368.88975
354.99179
357.2882
352.07032
362.97334
371.91978
345.86821
296.87999
360.41922
322.58027
332.25763
363.74924
361.64202
347.11357
332.46131
341.53859
273.06546
357.67176
349.03803
283.67768
360.60673
263.99952
348.12483
347.99091
335.86065
338.2844
333.94086
312.42611
321.94962
280.18334
125.78604
348.83039
361.43443
336.02998
360.49399
356.76706
329.33592
353.6413
366.74439
306.67119
350.52298
350.5416
366.33825
364.43665
357.0554
363.12946
309.20093
368.9993
358.65593
357.39654
344.92332
365.02121
365.62981
346.05464
285.81104
218.36942
319.98918
327.43239
346.01886
192.60876
294.77803
344.56227
350.2457
290.02997
198.58409
344.48221
343.0938
82.48281
330.90065
197.2095
275.64796
310.74337
319.84626
319.2716
305.18656
359.03103
358.92319
372.06706
350.51239
364.23376
356.22572
215.55157
296.42937
326.17711
363.40187
354.69908
359.35477
334.27408
298.14736
355.69982
369.33534
360.71442
362.76649
340.79325
332.78409
361.00795
264.85218
352.64446
246.89728
271.60069
317.93286
278.70082
353.45583
350.82955
298.77767
208.06864
294.61952
312.95932
257.56346
342.70125
231.76351
307.16498
313.35047
275.8285
281.40752
274.2287
268.10657
266.19661
271.67074
282.39253
273.55294
259.11497
256.52048
250.39759
243.07329
245.4281
229.99727
224.59752
202.78496
149.56544
216.73773
212.46024
209.89275
212.62937
199.24186
191.57953
189.14257
186.77814
182.20851
161.41212
172.09015
156.13498
156117
142.60515
148.42474
142.18548
134.25489
127.22652
134.8522
129.05639
128.16035
123.97312
286.58562
288.79295
265.9579
263.1944
241.86388
230.76727
228.03935
212.52482
224.72741
229.09602
230.14789
216.99517
217.90346
221.61244
207.52627
196.3729
188.92569
189.31499
188.99124
171.54806
165.5771
153.80205
146.02584
143.1832
147.35914
142.3178
124.04266
125.60837
123.74674
107.17101
104.26227
105.54149
95.34597
89.84787
102.88527
96.99975
93.18252
91.3803
82.71832
82.19684
89.23002
274.58538
301.67402
233.61474
229.50922
251.99946
237.99522
229.20526
227.04359
214.68855
197.18808
187.92568
205.81121
197.24979
182.70148
177.86363
182.34094
173.16669
166.06197
156.59555
152.25511
147.35473
147.06513
122.25746
115.35123
109.00221
120.80057
101.44591
99.06566
98.73497
95.27366
93.98901
83.98322
36.11655
78.59531
78.19867
75.37062
76.34117
74.32992
66.79476
64.68483
69.59332
318.64877
316.93733
301.29549
279.7301
274.38532
223.22385
262.99926
250.5758
250.08636
246.57298
231.00009
208.4514
216.44475
205.14722
181.17935
178.83439
184.38264
173.62304
166.37265
152.18042
150.28768
142.94992
146.87985
130.75394
127.65205
123.01015
116.03018
110.22422
55.64899
53.81895
70.24035
48.48053
99.22178
91.45803
93.87663
90.48192
80.6538
83.03349
70.37287
75.59035
76.69398
277.09838
278.03443
252.63988
252.14755
250.55604
221.77903
226.1135
225.74933
224.67728
211.41334
204.46612
192.91995
181.97418
182.08436
165.15781
169.7036
162.5422
156.50391
144.34021
130.65998
117.67798
104.86979
110.05629
115.50787
111.95643
109.00206
91.33769
87.91939
93.20546
79.37277
79.65425
88.05153
76.58869
73.10086
72.45949
68.15889
68.81542
66.42687
59.24825
60.2971
65.79825
387.26698
446.54428
446.43509
442.95783
441.24781
436.72511
434.26701
434.83684
432.90831
427.24859
430.25089
430.93736
433.09939
435.45134
435.34021
437.4012
440.3172
440.84906
441.86414
444.28085
443.13322
441.00474
441.12063
442.19512
441.13479
437928
435.07349
426.30566
433.9902
428.29154
430.98147
428.57932
426.76057
427.73041
431.26279
433.91852
435.58635
435.80397
437.16093
437.44984
431.99432
437.7884
265.43702
264.01132
266.3089
274.21093
256.56505
284.63742
293.18902
308.10352
318.89925
324.01651
298.53333
307.63267
321.54728
317.37208
315.01125
309.86694
319.03575
312.74545
309.83113
306.73693
281.29637
315.84737
321.84256
323.02381
319.77746
330.18154
310.68212
329.0666
335.64858
346.23371
339.83843
338.48543
337.91346
334.57737
331.28492
341.41641
350.22186
342.24803
345.8965
349.93554
349.86933
349.9032
358.56838
360.08196
369.92453
370.4404
368.04343
363.84974
348.59461
320.22358
346.50909
340.67047
343.48155
343.74809
210.39673
364.11473
357.87291
340.51055
370.58989
365.88624
366.48637
363.32757
361.80968
352.17159
350.56887
342.75304
334.21662
317.5893
313.28435
293.06871
309.06081
290.22458
286.9604
274.09183
239.42426
247.75135
255.05151
245.32047
218.58391
231.26467
218.28925
219.7603
220.10371
216.07403
221.9183
226.01898
359.66695
368.70683
375.14831
371.31876
366.6402
307.61634
357.94602
352.30899
350.51623
326.02734
341.70594
337.57246
334.01709
330.78202
335.09049
332.08451
278.01516
341.12675
337.6446
303.06046
334.20497
328.7414
326.04517
313.82366
280.10317
306.54874
302.02864
288.74476
284.54804
276.19015
276.37991
263.35039
261.89349
266.09702
272.67852
252.8333
272.19077
269.73887
269.3253
265.16157
286.68931
286.9649
289.20281
395101
369.30207
359.39952
354.38244
382.56832
373.39074
386.65451
339.54125
390.32422
387.25032
389.82621
386.70942
392.40052
393.2578
392.73051
393.81214
390.91508
391.88598
391.05919
389.01985
391.73023
384.06973
383.92106
372.6495
383.32067
379.3918
358.41202
366.53473
362.23394
366.92212
372.54111
359.41316
360.88212
363.34739
363.64214
360.65417
376.99584
375.81041
365.12789
368.40941
365.06473
353.27944
369.16555
343.98894
322.2198
309.10649
295.5007
286.0768
282.31377
282.20519
279.09001
252.37912
278.84819
282.51762
285.23794
289.68861
288.9212
289.84542
291.30202
294.97061
291.29476
249.41291
290.00873
285.79445
288.68749
270.4769
283.19457
283.27722
294.42204
294.47825
293.65035
295.34616
294.60932
293.11308
294.62129
296.19838
296.70259
294.23923
306.66072
303.33293
300.27295
301.89656
299.31466
302.3035
304.3718
307.87898
203.60596
396.46662
401.79193
396.27311
391.4572
388.49622
376.15974
379.56899
374.70445
370.18522
366.0827
360.62777
349.32403
358.15229
360.09926
346.12748
353.4283
340.75491
337.81721
346.79409
354.68634
348.39209
347.73574
339.32677
305.54449
336.19676
323.85175
332.80214
332.55126
323.14881
327.02487
326.37398
323.68467
300.36275
315.66001
321.3372
33.33809
322.85853
322.90152
272.5605
337.50677
344.7966
346.25696