704.0
699.0
711.0
710.0
705.0
710.0
710.0
710.0
708.0
701.0
683.0
709.0
706.0
706.0
705.0
705.0
706.0
706.0
708.0
709.0
708.0
696.0
703.0
704.0
703.0
703.0
704.0
703.0
695.0
573.0
696.0
700.0
700.0
697.0
701.0
701.0
703.0
701.0
704.0
705.0
700.0
704.0
701.0
686.0
700.0
682.0
701.0
699.0
697.0
699.0
692.0
696.0
699.0
699.0
697.0
697.0
699.0
690.0
699.0
700.0
702.0
696.0
702.0
700.0
700.0
701.0
701.0
675.0
688.0
677.0
700.0
700.0
700.0
700.0
701.0
701.0
694.0
701.0
685.0
694.0
520.0
707.0
705.0
703.0
703.0
704.0
699.0
625.0
566.0
549.0
695.0
701.0
698.0
698.0
698.0
696.0
697.0
699.0
698.0
696.0
701.0
699.0
688.0
700.0
698.0
692.0
697.0
685.0
663.0
654.0
695.0
701.0
702.0
701.0
702.0
698.0
701.0
701.0
696.0
661.0
701.0
704.0
702.0
692.0
698.0
700.0
699.0
692.0
671.0
577.0
685.0
692.0
694.0
681.0
695.0
691.0
679.0
687.0
692.0
691.0
696.0
705.0
701.0
701.0
700.0
699.0
693.0
653.0
616.0
627.0
687.0
694.0
699.0
691.0
697.0
696.0
685.0
682.0
647.0
675.0
695.0
697.0
694.0
692.0
678.0
689.0
692.0
693.0
692.0
692.0
356.0
685.0
689.0
690.0
691.0
690.0
690.0
691.0
691.0
675.0
694.0
695.0
694.0
692.0
688.0
691.0
690.0
691.0
628.0
693.0
687.0
687.0
687.0
683.0
684.0
682.0
685.0
683.0
684.0
685.0
690.0
689.0
686.0
681.0
685.0
678.0
685.0
611.0
683.0
686.0
690.0
688.0
689.0
687.0
686.0
686.0
687.0
682.0
681.0
683.0
691.0
691.0
687.0
688.0
685.0
684.0
685.0
684.0
576.0
684.0
686.0
691.0
690.0
689.0
687.0
688.0
688.0
685.0
686.0
687.0
691.0
691.0
689.0
689.0
688.0
690.0
691.0
687.0
691.0
692.0
684.0
687.0
686.0
684.0
686.0
675.0
670.0
680.0
680.0
678.0
688.0
691.0
691.0
675.0
655.0
679.0
687.0
686.0
458.0
681.0
692.0
690.0
690.0
689.0
685.0
689.0
689.0
693.0
688.0
684.0
685.0
685.0
684.0
686.0
617.0
688.0
685.0
683.0
627.0
680.0
697.0
697.0
693.0
693.0
693.0
694.0
694.0
695.0
695.0
685.0
686.0
686.0
680.0
680.0
680.0
677.0
678.0
680.0
680.0
683.0
699.0
704.0
701.0
700.0
699.0
699.0
699.0
550.0
701.0
702.0
698.0
685.0
691.0
694.0
694.0
693.0
691.0
693.0
694.0
693.0
701.0
695.0
696.0
693.0
691.0
691.0
692.0
692.0
685.0
695.0
696.0
694.0
695.0
696.0
567.0
694.0
692.0
694.0
692.0
696.0
706.0
705.0
705.0
704.0
704.0
703.0
702.0
700.0
703.0
704.0
700.0
701.0
700.0
698.0
698.0
700.0
699.0
698.0
695.0
695.0
703.0
701.0
700.0
699.0
700.0
700.0
700.0
701.0
700.0
699.0
700.0
702.0
702.0
699.0
699.0
700.0
699.0
698.0
698.0
694.0
699.0
701.0
698.0
698.0
699.0
701.0
700.0
701.0
701.0
700.0
702.0
701.0
694.0
691.0
696.0
694.0
675.0
693.0
690.0
687.0
698.0
699.0
701.0
699.0
699.0
701.0
702.0
703.0
704.0
701.0
688.0
691.0
689.0
675.0
688.0
691.0
692.0
691.0
691.0
688.0
702.0
696.0
696.0
695.0
695.0
693.0
432.0
701.0
700.0
701.0
690.0
696.0
694.0
694.0
695.0
696.0
688.0
694.0
695.0
692.0
697.0
702.0
679.0
692.0
695.0
693.0
692.0
699.0
699.0
698.0
703.0
699.0
696.0
695.0
693.0
696.0
698.0
698.0
697.0
691.0
721.0
716.0
714.0
712.0
714.0
714.0
712.0
713.0
714.0
714.0
711.0
710.0
708.0
708.0
706.0
706.0
706.0
705.0
707.0
711.0
715.0
713.0
706.0
712.0
711.0
709.0
707.0
708.0
708.0
710.0
713.0
713.0
711.0
708.0
707.0
708.0
706.0
707.0
707.0
707.0
716.0
712.0
711.0
711.0
710.0
710.0
709.0
709.0
706.0
712.0
707.0
704.0
702.0
701.0
701.0
700.0
697.0
696.0
701.0
701.0
712.0
707.0
712.0
712.0
712.0
711.0
709.0
711.0
711.0
710.0
705.0
705.0
704.0
704.0
703.0
704.0
704.0
703.0
701.0
703.0
714.0
710.0
709.0
707.0
708.0
708.0
707.0
704.0
707.0
709.0
707.0
706.0
678.0
696.0
701.0
702.0
702.0
702.0
703.0
705.0
715.0
712.0
711.0
706.0
708.0
709.0
709.0
711.0
711.0
711.0
708.0
699.0
704.0
696.0
702.0
700.0
697.0
700.0
702.0
704.0
712.0
711.0
709.0
708.0
707.0
706.0
705.0
698.0
709.0
664.0
706.0
707.0
701.0
353.0
704.0
690.0
703.0
704.0
704.0
706.0
720.0
707.0
718.0
717.0
717.0
717.0
717.0
718.0
718.0
710.0
713.0
712.0
710.0
709.0
708.0
707.0
707.0
701.0
709.0
703.0
