-1.2644386502880622 0.10983341271564914 1.0 1.0 3.92095
2.221352852865508 1.2906464490604164 3.0 3.0 8.52092
-0.7739261801561705 -1.9507460369235208 1.0 1.0 4.30731
-1.1089744502077337 -0.3002026431794908 1.0 2.0 3.62382
-2.524961747365964 -0.7346958969045092 1.0 1.0 3.16096
0.9515163247843915 1.4840635931846857 3.0 3.0 8.5871
1.99184805723016 -0.510427844159929 3.0 3.0 8.31595
-0.7429322293258926 -0.3615530217112846 2.0 1.0 6.69398
1.406209875493684 -0.017727119614402667 3.0 2.0 7.66657
1.463773146909603 1.7287471302263948 3.0 3.0 8.59292
2.7491045207314206 0.20074173178054872 3.0 3.0 8.18666
-2.3887306231482786 -0.892634818536076 1.0 1.0 4.65597
0.9566553653123351 0.35890221952553275 3.0 3.0 8.07655
-1.4428637335086405 0.5775498039468624 1.0 1.0 2.94685
-2.62124306499058 -0.49279592624481505 1.0 1.0 4.07758
-1.2745633734033122 0.22888438947631465 0.0 1.0 0.61342
2.569770008177254 -0.19884851526637873 3.0 3.0 7.63666
-0.15686620107194457 -0.22952771027231936 3.0 2.0 7.77401
-1.5488790207542529 0.13313512042594058 0.0 0.0 2.45472
0.5022315049895373 0.2942945193049664 1.0 2.0 3.35576
-0.9765883474205771 -1.4179314549451005 1.0 1.0 2.57435
1.9370189409495504 0.38519450756714324 3.0 3.0 8.99487
-2.0294359480594193 0.5504258703583608 0.0 0.0 2.18585
-2.004810500246851 -0.042154856706809275 1.0 1.0 3.70303
-0.9621410864337544 0.5437346543458871 0.0 1.0 1.22146
1.7140553489361607 1.5381680632546086 3.0 3.0 7.59979
-1.3433407069825554 0.7701141221226271 2.0 1.0 5.40844
2.9984204279841578 2.0116305762730753 3.0 3.0 7.6874
1.7269723974905444 1.509920336576403 3.0 3.0 7.99131
3.8334195915857037 0.7558342601030492 3.0 3.0 8.73408
-2.145798118039721 2.720309598308846 0.0 0.0 2.23594
-0.7047301757111167 0.2942226567062596 1.0 1.0 2.99157
2.84022482179939 0.48121938405011994 3.0 3.0 8.04407
1.770687100684589 0.7694079380774362 3.0 3.0 7.58126
0.7837473761089935 -0.35750119397610314 2.0 2.0 6.99836
0.16564853594511558 0.49917608553215703 1.0 1.0 2.80511
-0.4688417540761744 -0.5483097437867734 2.0 1.0 7.11127
-1.735497286658978 1.7229390137275458 0.0 0.0 2.15185
3.1276941214911322 0.5256338993227544 3.0 3.0 8.07776
1.7767160297955649 -0.13901908687759668 2.0 2.0 7.02738
-1.8575970927998038 1.009298550618541 0.0 0.0 2.20433
1.5251042028162627 -1.118978769104798 2.0 2.0 7.01368
-0.3728943741825527 0.4422098932854572 3.0 1.0 8.28865
-0.06647123777740617 -2.12260157040963 2.0 2.0 6.24424
-2.3563310828678175 1.9986264577696051 0.0 0.0 1.46841
-2.3172174646395525 1.6445009260324055 0.0 0.0 0.43407
-1.6545240930587837 1.1082080291247525 1.0 0.0 2.78593
-1.6595744767921279 0.03538688413544939 1.0 1.0 4.49091
2.3957685202665995 0.13980842905907262 3.0 3.0 8.56894
-1.6078590630397007 -0.24592940119845025 1.0 1.0 3.29934
-1.6711400661312683 0.7003239470823692 1.0 1.0 3.01943
1.4637589367246693 -0.21246548642420798 3.0 2.0 8.12709
2.3227404210418077 -0.1505069939460855 3.0 3.0 7.69211
-1.7441466229621194 1.4319179780300164 0.0 0.0 0.37358
-1.7531111579910263 -1.70576687867814 1.0 1.0 2.97387
-2.1928321769536243 1.7829298929247233 1.0 1.0 2.68228
-1.9938665719714908 -0.3186140254076379 1.0 0.0 3.90155
-1.899671885447685 -0.0647602766228847 1.0 1.0 3.78954
0.07941942071567691 0.704374428123617 1.0 1.0 4.51091
1.4233082365147969 0.7038064274168454 3.0 3.0 8.62357
0.5198828141780629 -0.566416156161651 2.0 2.0 6.04687
-1.5817917124137855 -0.5667762476401978 2.0 1.0 6.27767
-3.371863648674109 -0.8595045118634652 1.0 1.0 4.08557
2.6643397198928045 0.24355240551704935 3.0 3.0 9.46761
1.0268179423235755 0.36195425863417446 1.0 3.0 4.78946
2.826089447334445 1.388303235598559 3.0 3.0 7.81081
-0.6910105076890249 -0.2582231940188254 1.0 1.0 3.83746
-2.499792871348707 -1.6146655229152704 1.0 1.0 4.64482
1.6112950207377557 0.9467763938401894 3.0 3.0 8.13611
2.5858873697999485 -0.436214890688542 2.0 3.0 7.24752
0.9027185636795932 -0.9031279228902668 2.0 2.0 5.25059
-2.2134011230208843 0.29917538753564776 1.0 1.0 3.03458
1.3871900264964974 2.071755630218076 3.0 3.0 8.18529
-0.9126724944139509 0.0002543465246748581 0.0 2.0 1.75578
2.0809080626021976 0.10235300715150862 2.0 3.0 7.40626
-1.5494941759469631 -0.6905385203961226 1.0 1.0 3.91447
2.831313459592189 0.4623049766772499 3.0 3.0 7.86457
-1.7326459035747943 -0.3741567154370981 2.0 1.0 5.02378
1.5337087746216487 0.25728178628836684 3.0 3.0 9.15272
-1.732887180974742 2.1908818862908856 0.0 0.0 0.80903
0.6113557019391913 -0.7631747032436034 2.0 2.0 5.78972
-1.9678975247843067 -0.8546858663872589 1.0 1.0 3.30935
-0.08962610988735802 -0.43192464246681916 1.0 1.0 3.89907
0.2032351619351356 -3.61134303460979 2.0 2.0 5.41415
1.7655424128273913 0.3273214843595161 3.0 3.0 7.51591
2.402624609414367 -0.23293469533975125 2.0 3.0 5.35137
2.1951709569015665 -0.18992146592614279 2.0 3.0 7.35878
-1.3389852692742132 -0.6082248155723418 1.0 1.0 4.85261
3.468605962152244 0.34278039264135307 3.0 3.0 8.21442
0.8866128546700116 -1.679693646430607 2.0 2.0 5.75987
-1.6175225209102653 2.2089962615787755 0.0 0.0 1.39446
3.6871816746844894 1.4288575856169397 3.0 3.0 8.90703
2.282524753201373 0.2638856197861476 2.0 3.0 7.44086
-4.2808749267815465 3.187089983610246 0.0 0.0 0.82961
0.5872254297577597 0.7973594020481014 2.0 3.0 7.29167
-1.0331400604709382 -0.14176661614377678 0.0 1.0 1.40066
2.5766492089486106 1.6446440974103644 3.0 3.0 8.51266
-1.8970778056427209 -0.961971582681017 0.0 1.0 1.99083
-2.7280344144611925 0.40497569106874926 0.0 1.0 2.25512
3.207637017918361 0.5166609716697116 3.0 3.0 8.09533
0.5892918549964952 -1.8697254925655178 2.0 2.0 5.56428
-1.9678975247843067 -0.8546858663872589 1.0 1.0 4.55351
-1.453111557230631 1.286376558142016 0.0 0.0 1.01353
-2.578303973946407 -0.7388941991171148 1.0 1.0 3.89517
0.9485637799553998 0.23368936613273456 3.0 3.0 8.97973
0.8549737897813491 0.6747451912462225 3.0 3.0 7.95832
1.630622153900276 0.588704962487971 3.0 3.0 8.09598
2.5768786393643572 0.24620594586940608 3.0 3.0 7.8885
0.11936201245016842 -1.873053106140497 2.0 2.0 5.1663
-3.0096067681347334 2.899908579557385 0.0 0.0 2.34665
2.4203178164297183 0.7547718304416718 3.0 3.0 7.64659
2.8092519646908074 -0.16484249837715664 3.0 3.0 8.30651
-0.2644942341881248 0.14046430663786916 1.0 1.0 2.78529
-0.5898002853226182 -1.960726881923765 2.0 2.0 6.0776
-1.039018804811811 -1.2710742103278763 1.0 1.0 3.99166
-1.2547550356832788 0.2610768562441756 1.0 1.0 4.60969
1.647442087727768 1.1524715994254429 3.0 3.0 8.35485
1.200403627569169 -1.7326527101319509 2.0 2.0 5.48708
0.5402354460073847 -0.6167681924354947 2.0 2.0 7.01867
0.4569876570031276 -0.7465858674426746 2.0 2.0 5.23873
2.450139067058341 0.6333100783610293 3.0 3.0 7.53235
0.943566568007274 -0.6749787766357173 2.0 2.0 7.32327
-2.385454035138238 2.552889142859763 0.0 0.0 2.38405
0.956387712774074 -0.6028599190647599 2.0 2.0 6.98004
-2.197397440318684 1.8758910710320882 0.0 0.0 1.70294
-0.7618539744830292 1.0573262465985687 2.0 1.0 6.54683
1.8858949048410267 1.4923704397985798 3.0 3.0 7.90592
-1.5173444375028389 1.1637418353919498 1.0 1.0 3.21653
0.9826272409100156 0.4542876813333682 3.0 3.0 7.6026
0.27778264366317307 -2.0677037006059855 2.0 2.0 5.26361
0.4771892734643011 -0.6642818183861063 2.0 2.0 7.24859
-0.038670795200704045 -1.5439001956394462 2.0 2.0 5.16874
-0.316274750654835 -0.44578396658716124 2.0 2.0 7.23434
-1.461390544556656 -0.20035072575030335 1.0 1.0 3.77333
0.49484563850678004 -1.2231044211179067 2.0 2.0 6.7148
0.48059087780104004 1.7452417115429188 3.0 3.0 8.3075
-1.3311771757961988 -0.5077081120647783 0.0 1.0 2.0577
-1.477745402243705 -0.3415459722966631 1.0 1.0 2.76441
-1.1134790450749081 -0.7172680485817607 1.0 2.0 2.98251
1.235921265925661 0.6584748113382596 3.0 3.0 7.95173
1.1692614460260944 0.7843537894586913 3.0 3.0 8.13715
2.339040694786542 1.6429051135347292 3.0 3.0 8.62754
-2.0713359481428983 1.1573866571823945 1.0 0.0 2.5169
-0.5328155491578062 -1.4951199414062528 1.0 2.0 4.75409
-0.7638118140284469 0.026185261785500073 2.0 1.0 7.03955
-0.8022523841038264 -0.06256439130385769 2.0 1.0 5.16361
2.0120902091227664 0.8683329732385854 2.0 3.0 6.6365
1.4563610614129732 1.4472148879419406 3.0 3.0 8.14142
0.054142840994884166 -1.492938086364623 2.0 2.0 6.61391
1.8994517947156084 -2.7841517549149617 2.0 2.0 7.07157
3.2341062561062257 0.5432116622348583 3.0 3.0 8.28689
-0.3386732262262704 -0.958781934624385 2.0 1.0 5.90353
-1.4567598211072144 -1.0012479491419304 1.0 1.0 4.5105
0.45845647055096195 0.6704719879106638 3.0 2.0 7.73377
3.2311579392641954 0.999670216888271 3.0 3.0 8.42919
2.574989563305541 -0.03371028323598075 2.0 3.0 7.33645
1.655097127810841 -0.5680845349215845 2.0 2.0 6.73493
1.2884852835862937 -0.3619038917392455 2.0 2.0 6.25361
3.3600753808368022 1.107020028278629 3.0 3.0 8.45663
0.8270715051405153 -1.7980056718294872 2.0 2.0 5.89006
-0.7028015162004204 -1.6520317576799337 2.0 1.0 5.06511
2.795530776544598 -1.1092696796605506 2.0 2.0 7.02866
0.3942694182925035 -2.578965648852828 2.0 2.0 5.64319
0.8557769647025429 0.9634412148660587 3.0 3.0 7.78647
1.6604571013939782 0.572581880462567 3.0 3.0 8.02516
1.3928306619371942 0.12233542901169919 2.0 3.0 6.82048
-0.5200072544520512 -2.1720486753962502 2.0 2.0 5.34913
0.2558842498998289 0.4699923829525277 2.0 1.0 5.15001
-0.45626446472033944 -0.945952007582747 1.0 1.0 3.86617
-1.7883165428903287 0.37921657985477925 1.0 1.0 4.23621
1.2007074559662585 0.3871891824756965 3.0 3.0 7.78775
-2.1374266035896454 2.9272742722244 0.0 0.0 0.68788
2.097843556719029 0.11320799474243332 3.0 3.0 7.83672
-0.7537250718318748 0.37068349507865606 2.0 1.0 5.53971
3.0292680626669033 1.8804756401203189 3.0 3.0 8.72753
-1.693440185712718 1.3492029089743307 1.0 1.0 3.0268
-2.2351010225055923 -0.7350801294900536 1.0 1.0 3.65254
-2.0627901145748564 1.0019910358145672 0.0 0.0 2.41257
1.1944398962407854 0.673740891885587 2.0 3.0 5.84893
-1.3053571503979606 -0.04899666025222184 2.0 1.0 5.49794
1.7569467497537605 -0.7981767371160077 2.0 2.0 7.28276
1.66197361465463 1.6098857948144045 3.0 3.0 8.51235
2.373968964544822 0.4550422504013879 3.0 3.0 8.70011
-2.3210748490969233 1.9193128948862952 0.0 0.0 0.51061
-2.2729299471447386 0.5969177627951503 0.0 0.0 2.1571
-2.5693549666910314 2.263233177676895 0.0 0.0 1.44826
1.7022460142934208 0.23312801100014008 2.0 3.0 7.11716
-0.00018902846636691944 -1.5260466470962215 1.0 2.0 4.35008
-1.34519453970966 -1.776825975473641 2.0 2.0 5.48392
0.19202450510452285 -0.4156091244685321 3.0 2.0 8.66929
1.0437031826850156 0.734495489514444 3.0 3.0 7.60086
-1.2339542475377576 -1.738676034799213 2.0 2.0 5.87798
0.7603646055175719 0.12261366964862039 3.0 2.0 7.52842
-1.0357114891411505 1.0005726656717955 0.0 0.0 2.38496
-1.5494941759469631 -0.690538520396124 1.0 1.0 3.45507
1.8358048815185652 0.9941230322680482 3.0 3.0 7.99745
-0.9700366305586271 -0.472257585154941 2.0 2.0 6.91818
-1.3095649034352022 -1.1941889422704681 2.0 1.0 7.47265
1.6831425630356456 0.07485417782186096 3.0 3.0 7.74994
-0.5180545664679311 -1.6183339353709074 2.0 2.0 6.19452
-1.9275385877657571 -0.6768221424651459 2.0 1.0 6.16171
-4.015304953549221 -1.473286209709098 1.0 1.0 3.88016
-2.4656350085853007 -0.009638235990053262 1.0 0.0 2.75286
2.828981292260908 1.915755230562485 3.0 3.0 8.87675
-1.2888892511039574 -2.2435690378028386 2.0 2.0 5.47651
-1.4628460298320922 -0.7512368923242174 1.0 1.0 3.66645
2.65582259075071 0.24891747296522093 3.0 3.0 8.35799
2.3871889533115738 0.6987652009077494 3.0 3.0 8.76451
-0.9095868731980056 -1.9548023622680455 2.0 1.0 5.7388
1.81755594982235 0.27347028630917697 2.0 3.0 6.72081
2.865997977781068 0.2566458721537509 3.0 3.0 8.62415
0.7787073897065547 1.1957483920510807 2.0 3.0 7.36666
1.2432645842818488 -0.3763285379297401 2.0 2.0 7.40158
-2.2996492667441784 1.2336252221600184 0.0 0.0 1.66084
2.6202834259478034 -0.7555417596551749 1.0 3.0 4.60395
-0.3109228261568861 0.7766750249741435 0.0 1.0 1.45324
1.6335117929350222 0.4892977652105644 2.0 3.0 7.39313
-2.4311083035399546 0.7053415939819563 0.0 0.0 2.48114
-1.9106048781727853 0.09301429815088985 2.0 0.0 5.51152
-2.289476777153828 -0.7406843233222682 0.0 1.0 1.53792
-2.5090533575229355 -1.1385553230383842 1.0 1.0 4.06437
1.3096062380021565 -1.853022063512609 2.0 2.0 7.44303
-0.7767820287448319 -1.1401463354038779 1.0 1.0 3.49318
0.287132573293932 -1.5211033441678992 2.0 2.0 6.10239
3.0047272734185517 1.3126685052782954 3.0 3.0 8.03267
3.0071340067518566 0.9429644329268516 3.0 3.0 8.92219
0.577798572582026 0.312439452931578 3.0 2.0 7.54163
-1.6698880147924906 -0.6040489060763802 1.0 1.0 3.25659
-2.2174037075895265 -0.48354437562929575 1.0 1.0 4.81473
-1.7444661850605343 -0.719320073930683 2.0 1.0 6.63907
2.1242830212073938 -1.206687725616987 2.0 2.0 7.14105
2.809078154976898 0.602660991465793 3.0 3.0 8.96307
-0.9342936708074183 -1.3461354535499164 2.0 1.0 5.62739
-1.4485889501487785 1.8764497961690154 1.0 0.0 2.69027
-1.901059483621559 2.07565847001457 0.0 0.0 1.07503
1.0187652776245628 -0.22644577661736928 2.0 2.0 7.08432
-1.3909209403941636 0.16864040167974742 0.0 0.0 0.08709
-0.7861330041910156 -1.8158355002109445 1.0 1.0 3.95517
1.323121909380668 -0.8092693904659326 2.0 2.0 7.13637
-1.1355543903460097 -1.5896024505589832 1.0 1.0 4.12789
-1.993841512187899 -0.13509938501962626 1.0 0.0 3.21989
-2.3416115149214867 -0.37868158123413687 1.0 1.0 2.96116
-2.0055907471430565 0.49590701104678586 0.0 0.0 1.27051
2.8712606486642054 -0.5317326105357462 3.0 3.0 7.79184
-0.93511600058758 0.31842186810690437 1.0 1.0 3.24299
-1.7144188477201938 -1.8306667261636547 1.0 1.0 3.90956
0.9558012531436931 -0.22350636576719393 3.0 2.0 7.75269
-0.837624038320614 -1.536670033699876 1.0 1.0 3.98025
-1.0983742839060147 0.6658530599351513 1.0 1.0 2.50758
-1.8989055396925745 -0.4495951209099627 0.0 1.0 2.25323
-2.191646785294396 2.430114073817732 0.0 0.0 0.30361
-1.2882724394650105 -0.10747790757827094 2.0 1.0 7.00291
-1.8949162385597125 -0.9716619792973873 1.0 1.0 3.56416
-0.28128213184447715 0.17128563661546034 1.0 1.0 4.44126
-1.2074486271882017 -0.684746415034372 1.0 1.0 3.80204
-2.323051463432668 -1.3901081488526124 2.0 1.0 5.22201
1.6744663248514031 -0.28112527981557633 3.0 3.0 7.75428
-1.197309962143159 -1.1131490843807865 1.0 1.0 4.68615
3.63550268194579 0.9554637830324272 3.0 3.0 8.28393
-2.341443718623004 -0.6265469081357029 0.0 1.0 2.05578
3.631898409180578 0.9777873680125776 3.0 3.0 7.83339
-1.9443999991245131 -0.315847208592157 1.0 1.0 3.39845
0.6699705364258698 0.40298548704305237 1.0 3.0 4.69262
-1.9795784140172847 -0.16125696722386454 0.0 1.0 2.47377
-0.7866053000207904 0.08629660569735323 2.0 2.0 5.50136
-1.7041793948192736 -0.05357276348021617 1.0 1.0 4.00934
1.2888477692809872 -0.1622123487400924 2.0 3.0 7.26985
-2.450922033121233 -0.08343313575584092 1.0 0.0 2.82377
2.1623419714723604 1.8574642263523908 3.0 3.0 8.60946
2.4512707710944603 1.461201795071404 3.0 3.0 8.3527
0.2633273636772441 -1.9239803499153119 1.0 2.0 4.74548
0.3017689810587391 0.4790864473439151 3.0 2.0 7.88113
-1.434949914370624 1.7959225459756976 0.0 0.0 0.78074
1.763308500703398 1.161642664340236 3.0 3.0 8.41361
0.7781917733033622 -1.167602819804072 2.0 2.0 6.75283
1.7056291460355886 -0.820973574996872 2.0 2.0 7.27403
-2.2361913341621134 0.5935032025415585 0.0 0.0 2.47791
1.4452219331183305 3.26205519520112 3.0 3.0 8.68123
-2.2174037075895265 -0.48354437562929575 1.0 1.0 3.65675
-2.3539222412536835 0.21968968461203353 0.0 1.0 1.31269
-1.7637371079642366 0.1464153116254018 0.0 0.0 1.39602
-0.35170024876348543 -1.5114289728237869 2.0 2.0 5.77349
0.149583985207666 0.9655834087983571 3.0 3.0 8.89205
2.1011921618631275 0.6903873064089615 3.0 3.0 7.62382
2.4817027210270046 -0.6009408269969261 2.0 3.0 7.37061
-1.0706551322689148 -1.988179783822993 1.0 2.0 4.4729
-2.0445481926601863 0.7588656827964174 0.0 0.0 2.17005
1.7846618355283308 0.6490373921884934 3.0 3.0 8.98396
2.330630877687451 0.681358638143179 3.0 3.0 8.1476
-1.7965395206541044 0.8955737440460639 0.0 0.0 0.61017
-1.7597543506704816 0.7955697870664934 1.0 0.0 2.67757
-0.49507503839916706 -1.099474844415732 2.0 2.0 6.09758
-0.03682106660264507 -0.9163680459948033 1.0 2.0 4.43147
0.5850832164282507 -0.7006642409094094 3.0 2.0 7.5043
-2.0764130157861387 -1.2128092019136776 1.0 1.0 4.04323
-1.9284741312271387 -1.0932037743378866 1.0 1.0 4.17797
-0.7286994438808324 -1.871403641735574 1.0 1.0 3.16997
-0.7070172597984963 1.4670029604537305 0.0 0.0 1.27878
1.4740915748179324 1.2761409663427101 3.0 3.0 8.43043
0.3227759192209159 -2.34843856650517 2.0 2.0 6.71186
1.922318663393701 -0.5917559223577431 2.0 3.0 6.41483
-2.340589637087856 0.27178587735766196 0.0 0.0 2.22768
-1.8177364980256139 1.9427833133968986 0.0 0.0 0.52414
-0.42549053717360513 -0.47476204860537136 2.0 2.0 6.67329
-2.6300052166614063 1.4445661490658679 0.0 0.0 1.75606
-1.261857683505407 1.8685089538536102 0.0 0.0 2.22844
-1.4486080815752604 -0.5905514661364661 1.0 1.0 2.78764
-1.3057543184329563 0.9536309023175734 0.0 0.0 1.24512
0.31937771303887796 -2.79139662364536 2.0 2.0 5.1561
3.1596938618474164 0.9969754259029333 3.0 3.0 9.14109
-2.378445213973539 1.100297058370632 0.0 0.0 0.30675
2.055948128698817 0.9243658535524311 3.0 3.0 7.91879
1.6660036501454596 0.4831460673028731 3.0 3.0 8.61997
-2.8623145028741344 0.9999032208626756 0.0 0.0 1.8491
-2.1562827892520104 2.031355730230121 0.0 0.0 1.83898
-1.1213621418991244 -0.24749239481269378 2.0 1.0 5.94862
2.180047044392196 -0.8334498892710923 2.0 3.0 7.18699
-0.31110469915498357 -1.3949988742404942 2.0 2.0 5.54971
1.0299705900788407 -0.7536822192362628 2.0 2.0 7.43961
-0.05790764288370393 -1.9422100952631398 2.0 2.0 5.24397
0.33264706284471957 -2.5346476976000782 2.0 2.0 5.75737
0.5676511996767257 0.03243054790454179 1.0 3.0 4.34939
1.987018744100292 -2.588132501178515 2.0 2.0 7.39075
-1.8358885350715737 0.5374270348647486 0.0 0.0 2.0144
-1.9717355499072706 2.1784466125471127 0.0 0.0 0.53938
-0.6452847017979634 -0.6562924265683168 2.0 2.0 5.63364
0.40128235237814597 -3.128204189655803 2.0 2.0 5.36566
-0.5534296510072344 0.2600442337863529 0.0 1.0 0.9803
1.1263004505132077 1.265685888777399 3.0 3.0 8.24124
-0.703167975232051 -0.5205996184296084 2.0 1.0 5.15281
0.5787143186763404 0.42324182537665883 2.0 3.0 5.00286
-2.1020140143430557 0.1654862097507674 1.0 1.0 3.06907
1.7307625707683334 0.0418101654546462 3.0 3.0 8.1579
0.1344532505773096 -0.7685910844611136 2.0 2.0 7.03777
1.8136088673715012 1.0253974222935676 3.0 3.0 8.70138
2.41701510060427 0.42739434016083466 3.0 3.0 7.54394
0.5355504613852485 -3.200526422203917 2.0 2.0 5.36885
2.9597939170607144 1.5827276574013565 3.0 3.0 9.09049
1.5108287440585948 0.7363560048404286 2.0 3.0 7.17436
2.3279653851654873 0.1152278670494025 3.0 3.0 7.94211
0.22610077232451697 -0.8103645215467955 2.0 2.0 5.77889
0.48147529119619864 -1.166565411794984 2.0 2.0 6.51593
-0.9754083799075669 -1.4159429349118895 1.0 2.0 3.50621
2.1252376166529534 1.7117683649533977 3.0 3.0 8.05062
1.3676247943743614 -0.591058265228609 2.0 2.0 6.73531
2.7182354061110225 2.6671822947371004 3.0 3.0 8.09554
-1.5313122521881835 -0.12336331434810537 1.0 1.0 3.30911
-0.42109826308164633 -0.6825865809416292 2.0 2.0 5.19182
-0.6698793524116073 -1.610092240385649 1.0 2.0 2.96493
1.7772298690408945 -2.687344152873451 2.0 2.0 5.85886
3.022976672626421 0.4979245881698435 3.0 3.0 9.14798
2.056192466126077 1.4903071467827775 3.0 3.0 8.45178
-2.5026265276941753 3.006953289248568 0.0 0.0 0.23901
-1.2116709373125683 -1.7208817389011686 2.0 2.0 5.15195
-2.0593006308711588 1.667173097894034 0.0 0.0 0.31601
-1.5714736540677992 1.017556364688433 0.0 0.0 2.33203
1.9214625501541247 0.3716657252300312 2.0 3.0 7.33777
0.09595023972090504 -0.829140042814509 3.0 2.0 7.51948
2.63310046155191 1.0577517864751353 3.0 3.0 9.05813
-0.5119800612548725 -0.4942819298639932 1.0 1.0 4.53073
-1.6556370857940566 -0.0959622505831592 0.0 0.0 1.36287
2.6259303835157715 1.1405097385835636 3.0 3.0 8.71432
-1.5895120214500227 0.2627450912275204 1.0 1.0 3.10728
2.570693132556543 1.0624543061270997 2.0 3.0 7.28818
2.588376582345581 -0.36624269909263263 3.0 3.0 7.63016
-2.294288652977911 1.6215902303599663 1.0 0.0 2.83576
-0.6008801526944075 0.3009315336031259 2.0 1.0 5.68701
-1.2513940233723557 -1.2446751797844486 2.0 2.0 5.80774
3.3608869664703587 0.5070875163032273 3.0 3.0 8.24644
-1.5774011375264012 2.9337471234550994 1.0 0.0 2.96592
0.484877209162222 -3.5783395801746067 1.0 2.0 3.75864
-1.6574370519462696 2.2518913132825147 0.0 0.0 1.154
-0.6107798045563675 -1.6352066352229448 1.0 2.0 3.28119
-2.524231168846112 -0.08085033290664197 0.0 1.0 1.71018
2.1458110142856768 1.4369943053347245 3.0 3.0 9.01257
-2.097432288819236 0.9260111165815432 0.0 0.0 0.39853
0.9389536505395222 0.33975630967664927 3.0 2.0 7.62189
0.6230988588608936 1.0665995830242987 0.0 3.0 1.71843
-0.8356156107890897 0.2504073988549316 1.0 1.0 3.7762
-0.7866053000207902 0.08629660569735323 0.0 2.0 2.20138
-2.3555671699225402 1.6894976030489293 0.0 0.0 1.72696
0.9702872677329034 1.1353545123214177 3.0 3.0 7.8755
-2.2774675393605524 1.3005487588431426 0.0 0.0 1.0773
0.9804405368539342 0.33069834089969846 3.0 2.0 7.58297
-2.211370959068633 2.671141932263118 1.0 0.0 4.44101
0.39946552076578945 0.54583632451417 2.0 2.0 6.34873
-2.178643906499114 1.2913634363162414 1.0 0.0 2.56522
-2.6295709208222293 0.5181327209423789 0.0 0.0 2.06887
1.656381965149068 -1.5772018652493198 2.0 2.0 6.4587
-0.3790774006543844 -1.9827496239108204 2.0 2.0 6.54168
0.8482749329954661 -1.8925798153702542 1.0 2.0 4.90602
0.2028477940855855 -0.3192730268435629 1.0 1.0 4.39748
-0.7382907615377892 0.7672742700450901 1.0 1.0 2.55347
1.8000393072512337 -0.5327427091249165 2.0 2.0 7.06809
-0.46618579222488066 -1.4532129818957313 1.0 1.0 4.97571
2.670989495420906 1.314017256100741 3.0 3.0 9.05128
3.0856188273050797 0.31128885679083923 3.0 3.0 8.24222
-2.020246037869545 1.5721976037164926 1.0 0.0 3.27869
-1.4666611836010226 -0.3836574675503864 1.0 1.0 2.55917
2.6647460534922383 0.6829513826128225 2.0 3.0 7.33587
1.3013312446087353 -0.5524660948065218 2.0 2.0 7.2872
-0.5833152027143464 -2.330419266907565 2.0 1.0 5.10137
-0.5504269279017142 0.028201669726626587 3.0 2.0 7.76048
-0.6617331441747237 0.13924146248840116 0.0 1.0 2.37408
-0.8982599110514451 -1.5951993309978783 2.0 2.0 5.37239
2.1638177360647575 0.07033830148694592 2.0 3.0 6.21303
1.1086387612020612 -0.6373836109165463 3.0 2.0 7.77682
3.5348850037663193 1.5807147475357999 3.0 3.0 8.70854
2.9075389689130438 -1.026990023490756 3.0 3.0 8.14493
1.347887770896288 0.9575998058578709 2.0 3.0 7.48079
1.715477122113007 0.8670186175298736 3.0 3.0 8.26359
2.5705082395038894 1.8280771227483588 3.0 3.0 9.00845
-1.8089769141245482 -0.35377694799641124 0.0 1.0 0.41307
-1.5726673907514186 0.36741990572700456 1.0 1.0 3.96331
2.868288004803098 0.9894229837033599 3.0 3.0 8.61173
0.6173246693458047 2.04132329721241 2.0 3.0 6.06252
3.57120280863062 1.5629315603045804 3.0 3.0 7.58715
-2.173499885074224 1.2183696881239336 0.0 0.0 2.05437
-1.8721286659674505 1.8660385431873976 0.0 0.0 2.0707
-1.1083844829697334 0.38394254022260776 1.0 1.0 2.97399
2.8293408185399507 2.4457510013126798 3.0 3.0 9.08271
0.11524010315134228 -0.8948847322786565 2.0 2.0 6.22428
-2.3230514634326678 -1.3901081488526121 1.0 1.0 4.41093
-1.4428637335086405 0.5775498039468621 1.0 1.0 3.82805
0.8092110755055856 -0.7335813613505443 2.0 2.0 5.28283
-1.7970161656823986 -1.4581144388036906 1.0 1.0 4.42044
-1.3083858555165222 0.28335674446026116 1.0 1.0 4.16939
0.6425657931596869 -0.22029159402811282 2.0 3.0 5.13329
-1.6308574550431143 0.05878330038191285 0.0 1.0 1.08003
0.5207763967405558 -2.1589778657901375 2.0 2.0 6.88166
-0.710684829536823 -0.5885092319260917 1.0 1.0 3.83069
1.3792841130369509 1.0570519933088651 3.0 3.0 7.6907
-1.3783358409749857 0.18809728492856911 0.0 1.0 1.96445
-1.2755819834762272 -0.07413672668153364 1.0 1.0 4.80703
1.0768450059958672 0.058901126994527056 3.0 3.0 7.95735
-1.096757016027758 -0.5480921511705477 2.0 2.0 5.51456
-0.0471375267977084 -1.4417041654766645 2.0 2.0 6.05429
-2.9643253716270306 1.7687323318304238 0.0 0.0 0.24962
0.5336415784082319 -1.149346806657223 2.0 2.0 6.2385
0.8086409763481908 -0.8123414286049283 2.0 2.0 7.41165
-2.0330485285124826 -0.06954474807236538 1.0 1.0 3.35436
-0.8558737703370916 0.9358753286437796 0.0 1.0 1.86111
-1.0139565585833983 -0.6507922046602617 1.0 1.0 4.59367
0.14605712668556906 -0.701513115725921 2.0 2.0 6.20282
-1.7268089221688334 0.5198582683353311 1.0 1.0 3.48529
-0.8923441122236089 -1.0424901700972165 2.0 1.0 5.57225
-1.3642511183304975 -1.1648749045849416 2.0 2.0 5.40311
0.7417458052765801 -1.2410586535168688 2.0 2.0 5.20337
2.145667131885788 -0.49631350060740925 3.0 3.0 8.37479
-0.9014930206560616 -1.4813850679818878 2.0 2.0 5.90422
1.3523527099929682 0.7626129208018073 3.0 3.0 7.86145
0.5590198731084787 -2.778803498734596 2.0 2.0 5.26817
-0.5818847884725874 -1.1954408678824384 2.0 2.0 5.92598
-2.02156786032997 1.397652888704017 0.0 0.0 0.58928
2.0132380456258363 0.8466826650005962 3.0 3.0 8.91299
-0.7783202716630888 0.6571300344419001 1.0 1.0 3.28586
-0.0425088039355208 -1.338999663449665 2.0 2.0 5.3791
-3.1221211508553566 -0.43583021411346456 0.0 0.0 2.1263
-1.7462617942489023 0.4943087395457956 0.0 0.0 0.7427
-2.2350095092708475 2.1790671515239137 0.0 0.0 0.49475
-0.9201627284424876 -1.0132546205108406 2.0 2.0 6.59558
-2.2729384591699353 -0.592878898590852 1.0 0.0 2.64135
-0.4559488884796189 -1.7732354570340174 2.0 2.0 6.76917
2.8160671866596654 0.8064124141630217 3.0 3.0 8.23535
-0.46077645767361486 -1.1815272043817173 1.0 2.0 3.3688
2.802303368117435 0.7484841084695686 3.0 3.0 8.53849
1.7641710702619664 1.4073267880870286 2.0 3.0 6.79586
2.8752003212298214 0.9280969637738907 3.0 3.0 9.40624
0.7411888814271487 0.6228560577783652 2.0 3.0 7.25051
0.5780503231283305 -0.011819529579187978 2.0 2.0 5.33401
-0.5140253891338217 -1.486255858674256 2.0 2.0 5.21051
-1.0078215016221095 0.06197885618105972 0.0 1.0 0.25209
-1.7574349834889356 0.47414651609802216 1.0 1.0 2.96324
2.938812214753523 1.0573506054183488 3.0 3.0 7.83714
2.4666904105346603 1.0309555812933164 3.0 3.0 8.61613
-1.6182084231956064 -2.0796196957560955 2.0 1.0 5.74007
2.1427723686098537 0.6679588102637337 3.0 3.0 9.19907
-1.0311424550729205 -1.8514465314997248 2.0 2.0 6.47845
-1.6707919098310386 -0.5563112269231203 1.0 1.0 4.41179
-2.6040906587114154 2.5524086527673924 0.0 0.0 0.2979
1.87139191573379 -1.7213570323264265 2.0 2.0 7.28802
2.2122506241532154 0.7194019504114925 3.0 3.0 8.32951
-1.5924025473798864 -1.054244291758364 1.0 1.0 2.70245
1.476483500884958 0.5748863660361261 3.0 3.0 7.77659
-1.849241995532634 0.372005993855562 2.0 0.0 5.77308
-1.564477348539024 -0.8358109821430757 0.0 2.0 2.18158
2.634722866588568 1.8471824501784282 3.0 3.0 8.93029
0.5225356668138822 1.088604078301626 3.0 3.0 8.03539
0.2608769723292589 -0.10776418800007996 3.0 2.0 7.75326
2.4448559976717394 2.6988115461801927 3.0 3.0 8.8046
0.3433189560099615 -2.2699756319796167 2.0 2.0 5.82317
0.7193236624872366 -0.5524976248285781 1.0 2.0 4.39635
-1.9264513556833742 0.48726784766598913 1.0 1.0 4.82961
-1.4204440888553322 0.17326457108936144 0.0 0.0 2.3663
0.6331435208669636 -1.4524193395947698 2.0 2.0 5.95148
-0.7223201785095402 0.6584989121361932 1.0 1.0 2.79374
2.477928585455621 -0.21027590024191264 3.0 3.0 8.29316
1.693448381712121 -0.19144769130895964 3.0 3.0 8.06435
-2.353289463811776 0.6837992034070842 0.0 0.0 2.20451
-0.674941211853569 -0.6455728634990948 0.0 1.0 2.21471
-0.33392855537988114 -0.3242320970604977 1.0 1.0 4.72893
1.72670948726277 -1.6555613610270332 2.0 2.0 7.05001
-1.1976767973435207 -1.5773824997237396 1.0 1.0 4.15318
1.6515863731419498 1.027609137723744 3.0 3.0 7.60405
0.20041506569545062 1.3339872299853641 3.0 3.0 8.22377
0.9545881515972565 -1.441957493125126 2.0 2.0 5.85581
-2.133311623630692 1.8270863713705894 0.0 0.0 1.0789
1.569815677401273 -0.18473878336095328 2.0 3.0 6.47512
-2.4638722004582343 1.082381970475964 0.0 0.0 2.39232
2.1974038339637074 1.4914450468303437 3.0 3.0 7.91535
-0.7320021691193431 2.018017119296621 0.0 0.0 1.16377
0.9071019466959801 0.4130284247023644 3.0 3.0 7.95622
0.36583242998321486 0.45582215644167107 3.0 2.0 7.65724
-1.0074779011357804 -1.2723082332874291 1.0 1.0 4.6072
-1.9103246953638227 0.7523775051182139 1.0 1.0 3.51186
-1.466899369337932 0.10217980502946493 1.0 1.0 4.1759
-1.7034221307441262 0.6627124304836329 0.0 0.0 0.87409
0.12669637693296718 -2.076157119639007 2.0 2.0 7.2951
-0.7011388103573275 -0.8542143111845412 1.0 2.0 2.66469
-3.2421118132026527 1.7358524349524558 0.0 0.0 2.25404
-1.4757740671008357 1.662747513255082 0.0 0.0 1.91252
-1.701588260773996 -0.4693568065005631 2.0 1.0 5.13607
-0.7213345573225829 -1.5102733332524063 2.0 1.0 5.52682
-1.1494405013508795 -1.2020833156543191 2.0 2.0 6.99672
2.6272706562978216 -0.37036581175176886 3.0 3.0 7.82923
1.6084750475928031 -1.1288873115060696 3.0 2.0 7.65612
-0.00995665748316898 -0.5523040772525509 2.0 2.0 7.1845
0.4055143622760438 -1.7154997248393031 1.0 2.0 4.84853
-0.9962781387999295 -0.9180726718543839 0.0 1.0 2.41967
3.119524405887402 1.084365312190198 3.0 3.0 8.27328
2.252311139216323 1.3479055458831168 3.0 3.0 9.07023
0.19321089788717902 -0.16533754205177656 2.0 2.0 7.06068
-2.2166668128225595 2.5253190019592173 0.0 0.0 2.06369
0.5591260594012777 1.8884190904823277 3.0 3.0 8.10512
1.7568267272685687 -3.0477624722199432 2.0 2.0 5.12758
-2.6594956675764347 0.40845470397375416 0.0 0.0 1.36089
-1.284621919875626 -0.3673613929788644 1.0 1.0 2.90044
3.128259385289649 2.11343803639523 3.0 3.0 8.05528
-1.123728835141924 -1.0285582122359647 1.0 1.0 4.31364
-1.2748029712846936 1.5224324137943501 0.0 0.0 1.55419
-0.42109826308164644 -0.6825865809416298 2.0 2.0 5.83216
3.026511347293835 1.5977031352860032 3.0 3.0 7.70977
1.5591344284802982 0.06108357250936469 2.0 3.0 6.67445
-1.0789846153670903 -1.424741672961822 2.0 2.0 5.57706
1.6776193115337692 1.0092186411983446 3.0 3.0 7.96915
0.32019377079885336 -0.3609948201420869 1.0 1.0 4.46799
-2.5375885566439758 0.7674476323528059 1.0 0.0 2.55822
-1.5255870204060877 -1.091316087050473 2.0 1.0 6.28854
-1.6409075498848782 0.8683810109840606 0.0 0.0 1.93041
-2.2981070465060696 1.0219494671865446 1.0 0.0 3.0529
1.0062897313787613 0.13748932654914076 3.0 2.0 8.53245
0.1262463703968834 -0.49016977544239587 2.0 2.0 7.34738
-1.317477333450353 -1.2774474409763743 2.0 1.0 6.69422
1.1352223531951113 -0.44518896042161915 2.0 2.0 6.93821
1.2919648647282056 0.7306293281352878 2.0 3.0 7.21451
-0.049247601138358896 -1.0346667553422164 2.0 2.0 6.95446
-0.3976765695425175 -0.9541238271366667 1.0 2.0 4.25826
-0.748420664180757 -1.2671890287021288 1.0 1.0 4.52122
1.9986316727756455 0.5555045685141413 2.0 3.0 7.28019
2.334037159243905 0.9854136360106425 3.0 3.0 8.11317
-2.6938381138157763 0.11320625643549981 1.0 0.0 2.77738
1.512302738587278 -0.7654318049373134 2.0 2.0 7.23644
-1.9401845119833125 0.40597718448131626 0.0 1.0 1.64101
-0.20389510126460675 0.05549075837584261 1.0 2.0 4.59935
-3.811641078778689 0.3858227227539907 0.0 1.0 1.71952
0.539820440483804 0.2682058045167294 2.0 2.0 6.46376
-2.029482725507456 2.173475031075345 0.0 0.0 1.99581
1.1020371935456192 0.609439677129777 3.0 3.0 7.53518
-1.0575680184328626 -0.44433092445909417 0.0 1.0 1.97316
-0.4037981214558865 -0.04569895036572259 1.0 1.0 4.81837
-2.5061319714419272 0.5182588134918589 0.0 0.0 2.3872
-0.7026495025642419 -2.195351167673529 2.0 2.0 5.45257
1.163483406439006 -0.42564865329886226 3.0 2.0 7.63036
2.160954451875869 1.9879151750739164 3.0 3.0 7.9654
-0.20389510126460675 0.05549075837584261 0.0 2.0 2.2621
-2.2217426621865792 -0.987827510223599 2.0 1.0 6.20672
-2.4655337248774507 0.4770762560812564 0.0 0.0 1.4671
-0.3403900282767954 -1.4271981480843827 2.0 2.0 5.80306
-1.0002206946176284 -2.1779970180955446 1.0 1.0 2.63523
-0.5912738682555716 -1.262931859038235 1.0 1.0 4.34668
-1.1497259032895746 -1.5502174368000083 1.0 2.0 4.74991
-1.8599244601459328 1.4688633546456913 0.0 0.0 0.93807
-0.6639937612086614 0.6001524387988393 1.0 1.0 2.64619
-1.2066969799155076 -0.33844436912531467 0.0 2.0 1.09541
-2.436191704581672 1.0469366905565465 0.0 0.0 1.95989
-0.18165262240602056 -1.953993905498969 2.0 2.0 6.18743
2.747652899255872 0.6613587853888443 3.0 3.0 7.75752
-1.2829144624851652 3.385587530750289 0.0 0.0 0.37268
-2.629722417175167 0.8452378913127045 2.0 0.0 5.27488
-2.373101114031198 0.8165238332952407 0.0 0.0 2.45414
-2.8238114148078743 3.2609563541880195 0.0 0.0 0.53793
2.648496879029307 0.1862066273990987 2.0 3.0 6.65864
2.00257116370183 1.9344689803333373 3.0 3.0 8.16757
-0.3299093477156608 -1.7295083063251624 2.0 1.0 7.33811
2.7479928216927725 0.7523079282143268 3.0 3.0 7.72288
2.77529560658506 0.805543721898183 3.0 3.0 9.10636
-0.505218990974442 0.7481653782629596 0.0 1.0 1.73102
2.17702852885181 -1.2402543785111586 2.0 2.0 5.93154
1.715646118972282 0.7079593601915228 3.0 3.0 8.45799
1.00845799565083 1.0448799526606969 3.0 3.0 8.80836
0.008689447460113452 -0.34488049390519016 2.0 2.0 6.62218
-1.4324587897325949 1.0022410837445044 1.0 1.0 2.77948
-0.7758266199189224 2.0745850326535433 0.0 0.0 0.37958
-2.3134125018593705 2.1978680955860868 0.0 0.0 2.01096
0.36484259733202234 0.10422275905829637 3.0 2.0 7.9941
-1.4730343344433883 0.4684874198801361 1.0 1.0 2.80916
-1.0501365262581852 -0.7752038809744598 1.0 1.0 2.76633
-1.9528965135949756 0.9383006044205804 1.0 1.0 4.80484
0.056711866571006964 -1.690689105570791 2.0 2.0 5.71221
1.0825293908762987 -1.404351189905129 2.0 2.0 5.40929
-2.755466223657331 3.1112836728219535 0.0 0.0 1.8925
3.1239862378810126 0.8415409648557816 3.0 3.0 8.44663
1.1203266042995772 0.3618577038160397 3.0 3.0 8.33504
-1.8274033848328288 2.394295612476828 0.0 0.0 2.16795
-2.2855584825520516 1.9963317893538677 0.0 0.0 0.56405
2.920314888924192 -0.35487872633040796 2.0 3.0 7.4748
-2.468730071292694 0.5102293196508476 1.0 0.0 2.72025
-1.738041892726214 0.8196255962370764 1.0 1.0 2.73845
-1.7595803040315863 -0.06245474104267392 0.0 0.0 1.60345
0.15779074180678415 0.20678172550421303 2.0 2.0 7.05559
-1.7434097764560597 1.4887652492168568 0.0 0.0 2.05727
-1.9051378683770197 1.0226052383613717 1.0 1.0 3.0093
1.2996080595355015 1.1171085060969985 2.0 3.0 5.64492
-0.08580295797455778 -2.5528703083303244 1.0 1.0 4.69511
-0.36368848683873417 -2.0211077200787777 2.0 2.0 6.96161
-1.288148861270069 0.023813869824692493 1.0 1.0 4.61875
0.4082917145697938 -0.9401037049845715 2.0 2.0 5.62638
2.977824249996589 0.9722352736815957 3.0 3.0 8.20382
-2.370902699077875 0.8687616849696549 1.0 1.0 2.6296
3.2385368901036022 0.18831614468717647 3.0 3.0 7.64488
0.29267159309618795 -2.7880232215239524 1.0 2.0 4.02994
2.2139572880034093 0.5789130000192023 3.0 3.0 7.8705
-1.102111774624944 0.8872155902954802 0.0 0.0 2.45287
1.624876020965404 1.0172597641961445 3.0 3.0 7.5099
-0.4813605309963375 -1.3512303442646167 2.0 1.0 6.29219
-1.762652028890389 -1.0336117855540217 1.0 1.0 4.40785
-0.5593539668406345 -2.6411216250547587 2.0 2.0 6.25091
3.232266220315601 0.7511840077519235 3.0 3.0 8.41689
-2.286236653926256 2.083679348831159 0.0 0.0 1.71643
-1.000978412278495 -0.919441438564621 1.0 1.0 4.79912
-1.994012204811438 -0.22123662191088853 1.0 1.0 3.90796
-0.41834057392008606 -0.18070098851677238 1.0 1.0 4.33748
-2.7707998525458697 1.1775660228901166 0.0 0.0 2.04348
-0.665722544295254 -1.6058918345434408 2.0 1.0 6.3322
1.7804067570639108 1.0856588411204289 3.0 3.0 9.10009
0.6556349212617736 -2.110731646085941 2.0 2.0 5.32341
-1.4523106095594907 0.39794969858445156 1.0 1.0 3.9573
-1.2646195488603085 0.19203170047502147 1.0 1.0 3.29527
2.023148364663881 0.8116946395892559 3.0 3.0 8.01235
-0.9716794875263863 0.8068259491259624 1.0 1.0 4.95351
-0.7684373756550649 -1.4723148162619675 1.0 2.0 4.51568
3.5227231402216352 1.3112897279166669 3.0 3.0 7.93764
1.698295079048425 -0.10206372855888139 3.0 3.0 8.26294
2.1619853701573555 1.352061314340003 3.0 3.0 9.30595
1.2057510870935457 0.8808223578980883 2.0 3.0 5.78669
-0.6055490888414151 -0.9523293516198696 1.0 1.0 2.75528
-0.10149382296024866 -1.8628082916436497 1.0 2.0 3.44757
-1.24558100745848 -2.550411157598059 2.0 2.0 5.44084
0.0973165447373138 -2.7251705245956894 2.0 2.0 6.69731
-0.2205269716551669 -1.6191361360346068 2.0 2.0 5.5669
2.7936974615133505 1.3578006491056789 3.0 3.0 8.94221
1.216876490194077 0.45303995372301 2.0 3.0 7.24676
2.3576899271364815 -0.7567108091165821 3.0 3.0 8.78688
0.8167200454374594 -1.6917303871940061 2.0 2.0 5.94017
-0.7816729831344988 0.7363495796941026 1.0 1.0 4.80266
-1.2365429069883636 0.04980695765234903 3.0 1.0 8.26658
-1.9627591410665899 0.7251015253855725 1.0 1.0 2.72519
1.6988089668241817 0.21445540168144497 3.0 3.0 8.15224
0.5544026069004632 -0.34517990330138004 2.0 2.0 6.77069
1.9148600816907044 1.2956566411110326 2.0 3.0 5.6501
-0.9156454788331168 -1.4888156285399485 2.0 2.0 5.97486
0.7293778500584279 -0.698148738178956 2.0 2.0 7.13
1.912566251980236 -0.7527580142355539 3.0 2.0 9.01951
-1.7000578912218949 0.6899606223182398 1.0 0.0 2.68794
-1.9212349615976114 2.139248645903446 0.0 0.0 0.43239
2.7381788885913374 0.8742566077162045 3.0 3.0 9.16233
0.6826788948621179 -0.7073336913703012 2.0 2.0 5.25784
-0.8501058501956094 0.19807856733115628 0.0 2.0 1.11027
0.5730582889224182 0.600410600567626 2.0 3.0 6.68757
-1.536856745517753 1.4211329241842359 0.0 0.0 0.32936
-0.28186078045198415 -1.1876766776393988 2.0 2.0 7.05089
-0.06447331770348116 -1.5275705629181069 2.0 2.0 6.68629
3.428525834178534 0.6077063988058631 3.0 3.0 8.13429
0.94093777852258 -0.9048767557950333 2.0 2.0 5.80519
0.6744773316326407 0.2699680577483639 3.0 3.0 7.8395
-0.8369076113643074 0.6823330937101492 1.0 1.0 3.1305
-1.9873749020014553 0.1368077321274687 1.0 1.0 4.03854
2.2481729590753483 0.37998110125459744 3.0 3.0 7.82006
2.090999802819421 0.2633386105054234 3.0 3.0 8.51925
-0.029899094401696583 -1.0137686456682913 1.0 1.0 4.57809
-0.8481225618140488 -0.9114055485808791 2.0 1.0 5.67049
1.6887420595329756 -0.9641135518615068 2.0 2.0 6.80336
-0.30098652601874676 0.08929273590079025 2.0 2.0 5.0269
1.1490416966085282 2.070172879995983 3.0 3.0 8.37955
3.0289008599881404 -0.11602950211117695 2.0 3.0 6.79734
-1.7258588300027 1.3499396556236978 1.0 0.0 3.58912
-1.76852695465984 -0.12285822509457611 2.0 1.0 6.22045
1.12134738844642 -2.2251135872181393 2.0 2.0 5.9173
1.7546254500832783 0.8484480300154261 3.0 3.0 8.27545
1.5529893119887836 0.3240774191874366 3.0 3.0 8.25486
0.07214230609416736 -3.0206653502884415 2.0 2.0 5.8045
-1.0257240426932168 0.456954648571204 1.0 1.0 3.23408
1.4936045888330411 1.3080978530839957 3.0 3.0 8.09862
-1.7447357573082154 0.12458298726038872 1.0 1.0 3.8522
-2.5061319714419272 0.5182588134918581 0.0 0.0 1.58761
-0.3584886060275774 -0.7017894742527022 1.0 1.0 4.54566
0.9707267483167921 -0.9158512591730636 2.0 2.0 6.7939
1.0423936535707747 -0.1809472491253616 2.0 2.0 7.19241
1.728170683856439 1.8238397262258659 3.0 3.0 8.39635
-2.2084397978905455 -2.6933777044232423 1.0 1.0 3.95961
-0.7159392894873637 0.44548784906519534 2.0 1.0 7.46682
0.8541411914981069 0.3368157819909485 2.0 3.0 7.48257
-1.3914036557079423 -1.668970272384229 1.0 1.0 2.85306
2.322687659485563 -0.5854677532494371 2.0 3.0 7.45523
-2.6633041561822832 3.8166809080757362 0.0 0.0 1.04264
-0.7410788319607338 2.6240316199836236 0.0 0.0 2.03241
0.943398742612455 -0.5167321539019292 2.0 2.0 5.55427
-2.1040075062988692 2.6783543526292535 0.0 0.0 0.523
-0.6289427333862384 -2.7824162463244813 2.0 2.0 5.08818
3.1816908626697624 0.8365211702592977 3.0 3.0 8.33307
1.4946165810112093 -0.5384029773361423 3.0 2.0 7.82165
1.3719254843949462 -0.13840196249862438 2.0 3.0 7.36553
-0.3048316412496651 0.1888709917438619 3.0 1.0 7.59306
0.884992186486948 1.141816379767055 2.0 3.0 5.60846
1.5369069060680065 1.1222929308479745 3.0 3.0 7.98338
-1.8436911959947375 0.14765425256370857 1.0 1.0 3.19685
-1.621606267429163 0.90888122367109 1.0 1.0 3.36813
-1.8130168939723446 0.7008453901145159 1.0 0.0 3.53811
-0.2243547685081139 -0.41474267746314286 1.0 2.0 4.97479
0.9101978862251459 -1.7313909242798822 2.0 2.0 5.70524
1.5591929880664503 0.8577225368447883 3.0 3.0 8.04414
2.34322603059699 0.5618469332607473 2.0 3.0 6.76069
2.7434009247921782 1.8657123918176108 3.0 3.0 8.65361
2.420292138119602 -1.385597161195614 3.0 2.0 7.83401
-0.9473939284685123 1.653243232190956 0.0 0.0 0.53591
0.19642286605618908 -1.7734883080528359 2.0 2.0 5.40987
0.10346210093590455 -0.6730781869713474 2.0 2.0 5.95546
-0.7600539939090558 0.4418772575876263 0.0 1.0 1.71136
1.0729486618498123 -0.9021417778288948 2.0 2.0 5.67556
0.34448547763508985 -2.2781442751745056 2.0 2.0 5.22594
1.0511977726631472 -2.5764671220370885 2.0 2.0 5.78634
-1.3277625350718183 -1.387836423819969 1.0 1.0 4.20032
1.4340887249057586 -1.0778376036950592 2.0 2.0 7.41045
1.074920332359478 -0.49279895675972674 2.0 2.0 7.30417
-0.8769442588104119 -0.5997443625082012 2.0 1.0 5.12421
1.741416583093786 1.6173564633620852 3.0 3.0 7.77801
2.4168743657500413 1.2362505141010238 3.0 3.0 7.9634
0.7565310845263978 0.3740769995315123 3.0 2.0 7.73492
-0.7837593783948554 -0.31753365207806844 2.0 2.0 7.35842
-1.8136283913038338 -0.3235345276432019 1.0 1.0 3.55102
2.467260261932648 -1.2955025222954177 2.0 2.0 7.02485
-1.1972187319940155 -0.2988759576576471 0.0 1.0 1.12891
0.9998649424509001 -1.4809995830682385 2.0 2.0 5.88734
0.7143653994808865 -3.399663025905006 2.0 2.0 5.45137
-0.14317900822123167 -1.3485243119732542 2.0 2.0 6.68168
-0.22199896954357717 -1.705142265455344 1.0 2.0 4.25108
-0.07446871086677516 -1.8653458847703304 2.0 2.0 5.29502
-0.7752365501684387 -1.095249937056544 2.0 1.0 6.10236
-0.5671312915018594 -1.7370678977925933 2.0 2.0 5.05897
1.5394556248817233 2.6380350213792987 3.0 3.0 8.40848
-1.1850422407155004 0.1694733877118842 0.0 0.0 1.85191
-0.9994997874660186 1.3950559999673013 0.0 0.0 0.82787
1.8879270474599221 0.40900230451642533 3.0 3.0 7.74215
-1.8818874396086513 0.4594420221180032 0.0 1.0 2.01927
-3.1254560360105805 1.0025191696646047 1.0 0.0 3.23201
-0.6772754092597454 -1.8735080466552259 1.0 2.0 4.19935
1.719092752346011 0.8897275525005272 3.0 3.0 7.63294
0.6847847455167696 -1.449365085513585 2.0 2.0 6.16922
1.960510469021699 -4.387736599005673 2.0 2.0 5.4904
0.8768949476799809 0.5560320391169121 3.0 3.0 8.21884
-0.9397461068803462 -1.5028059792705482 1.0 1.0 4.92454
0.9976925845276061 -0.20223608395092146 2.0 2.0 7.08553
2.947766051691948 0.418493710992659 3.0 3.0 8.70272
1.05945779765796 -0.8306042480860256 2.0 2.0 7.39071
-2.325861212530808 0.33456648939614986 1.0 0.0 4.08163
-1.0825185614837924 -0.5953643558783845 2.0 1.0 6.68993
2.2418348827211414 0.04282703206790191 2.0 3.0 6.55148
-1.0296946438384362 -2.9472450190164334 2.0 2.0 5.61088
-2.930771850408378 2.105110488139493 0.0 0.0 1.92745
-2.4943467353211304 0.7021270102826828 1.0 0.0 2.54638
-1.1522133346818721 1.3629745779266547 0.0 0.0 1.24289
3.8050922467648154 1.7133133540796743 3.0 3.0 8.4677
1.1352374856318754 0.13828277535868483 3.0 2.0 7.80876
2.8076703311212654 0.1924933306755098 3.0 3.0 8.84193
1.7200247170163652 0.24203292059180695 2.0 3.0 6.45693
-2.331051474473365 1.4406125075882166 0.0 0.0 1.80411
1.4871615366425612 0.32925411839499974 3.0 3.0 8.14633
-0.03797917258540677 -0.49896606259381404 2.0 2.0 6.90642
1.7482563248302248 0.9749680171380413 3.0 3.0 9.22683
0.6138777884006916 -0.524520533165868 3.0 2.0 7.61693
-3.220970816824124 2.2557854339595322 0.0 0.0 0.53056
0.7174549434327403 -2.324810914590955 2.0 2.0 5.32856
-2.919515265975712 1.079364865577894 0.0 0.0 2.21923
-1.265798644643864 -0.8728969140863678 1.0 2.0 3.06952
-2.235101022505592 -0.7350801294900549 1.0 1.0 3.19144
-0.5984912865364271 1.4754726304319656 1.0 0.0 2.67381
1.7537488466142221 -0.8309596489351254 3.0 3.0 8.31736
0.7025532533271925 0.6756758838133116 2.0 3.0 5.59198
-1.7737529497566134 -0.7553689566547784 1.0 1.0 3.85639
-3.0042986673729835 1.7903498400020976 1.0 0.0 3.25228
-0.6455368079806741 -2.913489073239133 1.0 2.0 4.56173
3.3308651371670503 1.458213660897103 3.0 3.0 7.86494
2.845743086631312 1.6062130193877684 3.0 3.0 8.26678
-1.3305412855461587 -1.6911164711342601 1.0 1.0 4.45116
-2.115567395959782 1.6967916486791343 0.0 0.0 1.10682
1.0084514465135082 0.460107017796583 2.0 3.0 6.02063
-0.7231011944481736 0.14380566101654765 2.0 1.0 6.37273
-0.9405376918071653 -0.5080469742130538 2.0 2.0 5.62125
-2.7580017365696206 1.3328887816692807 1.0 0.0 3.18027
0.037045033918164105 -0.08992145496479508 1.0 1.0 4.86795
-2.533638908468143 -1.4799447979235993 1.0 1.0 2.51008
-1.97254937705932 1.7136711986708189 0.0 0.0 0.58505
3.16055425937916 0.6770619667929377 3.0 3.0 9.28878
-2.3542558269051823 -0.3391529427449336 1.0 1.0 4.66318
1.330950913293327 -0.7271605044970799 2.0 2.0 7.29556
1.6250102173939829 -0.048490712166314974 2.0 3.0 7.11893
-1.6252925678631855 1.8844479833789713 0.0 0.0 1.86474
2.128395792118414 0.49335242171284766 3.0 3.0 9.30997
-1.4301413002962078 2.258030571242015 0.0 0.0 1.40454
1.5058401554524234 0.593956819430807 3.0 3.0 9.28516
-1.9388868886852038 -0.34911829503459346 1.0 1.0 3.47026
-1.754187124446635 1.688997942420772 0.0 0.0 0.67674
1.7045926728715324 0.516037979057615 3.0 3.0 7.96243
-1.038883733884415 -1.685079389452052 1.0 1.0 4.50496
-1.2136201687050654 -0.21515034436401195 1.0 1.0 4.56904
-1.2109039859331023 -1.1598422073037977 1.0 1.0 3.63972
2.0442035624365245 0.3471365837306636 2.0 3.0 6.95221
-0.6873912861089099 -1.2722182089711866 2.0 2.0 7.02796
0.08994541051032463 -0.2419743130676522 2.0 2.0 6.22999
0.11331467192581055 -0.9071583310040777 1.0 2.0 2.78172
-1.5591482682532738 -1.327450212262764 1.0 1.0 2.97141
-4.4429703544671115 0.2882640318546233 0.0 0.0 2.45509
-2.7133139583804584 1.7138156152436281 0.0 0.0 0.4104
1.3092228599372049 -1.4248392911884116 2.0 2.0 6.24577
1.999010276882046 1.2843802955966852 3.0 3.0 7.71482
0.0024384021508772253 -0.07330879105535919 1.0 1.0 3.57585
2.429138182671102 -0.41547575540227266 3.0 3.0 7.89567
1.0206754238289302 -2.5739186334596904 2.0 2.0 6.10978
1.8198179185549266 1.4824521450929324 3.0 3.0 8.46961
0.025639413330927844 -0.24228272028430342 2.0 2.0 7.48453
0.08890952613258397 -0.7446159830861361 2.0 2.0 5.19983
2.424849831792257 0.6519194928450867 3.0 3.0 7.9994
0.08599144368835189 0.38186502961794355 1.0 1.0 2.74631
-2.687577288787161 2.272831745492664 0.0 0.0 1.13662
1.8072787881808858 0.1546288685318337 2.0 3.0 7.45452
1.2810679050408744 -0.9250882389140928 2.0 2.0 6.93085
3.0023356272436765 1.0161665793861254 3.0 3.0 7.81958
0.43748436984769357 -2.6232605558774913 2.0 2.0 6.53841
-1.280044299739003 0.2472243092245426 0.0 1.0 2.05418
-1.5509678850029065 0.8184420869141121 1.0 1.0 3.56254
2.4712566858553626 0.7260373302739603 3.0 3.0 8.01614
-0.1486251108377641 -2.030404485197168 2.0 2.0 6.44022
2.0144812008951662 -0.08843322552278944 2.0 3.0 7.39957
1.8047319999304507 -0.9074981604352477 2.0 2.0 6.02177
1.1526192189945967 -0.9059322580839214 2.0 2.0 7.49211
-2.054207661381549 1.369292048520214 1.0 0.0 2.67732
2.4880234470872136 0.24763476725199277 2.0 3.0 7.23311
-3.4787090750040073 1.2214441425775961 0.0 0.0 1.08978
0.7153458800912854 0.7153811541909586 3.0 3.0 7.87866
-2.451424919510024 -0.9458094325376544 1.0 1.0 3.95187
0.644775894241064 -1.6499964083976442 3.0 2.0 7.63159
-1.879822983824522 2.910804643285907 0.0 0.0 1.93435
-0.047003185566007355 -1.2245477299199812 2.0 2.0 5.41612
-2.2591221973771733 1.8975618517653727 0.0 0.0 2.47115
-1.0074779011357802 -1.2723082332874287 2.0 1.0 5.47343
-0.04125927132447106 0.6702216888668675 0.0 1.0 1.90892
-1.7626202988902873 -0.14638456958081092 1.0 1.0 3.61435
-2.5121136694062995 2.4062842813994183 0.0 0.0 1.92241
2.381810406144478 0.37107482631834093 3.0 3.0 7.56627
1.5031075932965072 0.3025065818250027 3.0 3.0 7.5779
-2.647146615798222 1.580350466247201 0.0 0.0 2.38608
-0.049864711146029465 0.42521268941439877 3.0 2.0 9.04934
-0.3358162329723662 -0.9877171541652663 2.0 2.0 6.2853
3.632410928589763 1.5862984103804678 3.0 3.0 8.02884
-1.8635201070203737 1.7284957146265287 0.0 0.0 1.40574
0.08518044416215971 0.8229676281929953 3.0 2.0 7.82163
0.9214978335656694 -0.26606654783472056 2.0 2.0 6.66585
-2.0665113953648464 2.261737266243486 0.0 0.0 1.98822
1.14839329402966 -0.3136295485896121 2.0 2.0 7.44111
-0.03867079520070399 -1.5439001956394458 1.0 2.0 4.47432
-2.067509301321242 -0.7827530554482915 1.0 1.0 3.94448
-1.8147155935729058 1.173186618499269 1.0 1.0 2.95006
2.5292278868513205 1.4346404551743728 3.0 3.0 8.7426
-2.4213197920622127 -0.33543366370580957 1.0 1.0 3.84689
0.08640638066082058 -1.905056818503471 1.0 1.0 4.88574
1.4563914770033546 -0.9894796688369012 2.0 2.0 7.25781
1.0681973458562306 -3.712891153945126 2.0 2.0 5.28311
-1.3263806896902914 0.5864404195893279 1.0 1.0 4.02825
-1.381793944949521 0.5173580901691278 1.0 1.0 3.10907
-0.2294366759556891 -0.42042906753517034 3.0 1.0 8.48018
1.9861041574919471 0.9037537681885061 3.0 3.0 7.94994
-2.5264588893007613 2.0778773375521373 0.0 0.0 0.59605
-1.3262941018446894 -1.597535631788545 1.0 1.0 4.93448
4.009523397750105 -0.28985927266214045 2.0 3.0 5.67635
-0.2383952038430933 -1.6749499817680744 2.0 2.0 5.26487
-1.808107872281458 1.771306495988783 0.0 0.0 1.47113
-1.3311771757961988 -0.5077081120647783 1.0 1.0 2.58509
3.211848206257961 0.3639003461500928 3.0 3.0 8.1645
-1.8948733993838922 0.4131033418058152 1.0 0.0 4.09372
-0.8005592571430356 -1.235436729047345 1.0 1.0 3.64546
0.35041538492338137 -0.11187529499492675 3.0 2.0 7.59631
-0.16608385462897346 -0.39077203459750787 2.0 2.0 5.13038
-1.0706551322689148 -1.988179783822993 2.0 2.0 5.48544
1.215660783423613 -1.356521961140534 2.0 2.0 5.85611
-0.08756129310883586 -2.3727063858180486 2.0 2.0 5.64051
-0.6920494487226058 -1.2775573796339703 2.0 2.0 6.55178
-1.6061878075180334 -0.4710953170418142 0.0 1.0 1.30132
2.1185804152265444 -0.28452753465021635 3.0 3.0 7.7425
-0.8954992808891781 0.14203288531557223 0.0 1.0 2.47493
-2.330101311325574 0.6316765091978961 0.0 0.0 0.3122
2.401961023154715 1.0028100707782173 3.0 3.0 8.41181
0.6252745879604893 0.6679942634569108 3.0 3.0 7.69546
-2.3817636261455757 -0.17404809544968053 0.0 1.0 1.59916
-0.8554536754365316 -1.9649900044341408 2.0 2.0 6.34749
-0.4680114591529828 -1.8217243447039122 2.0 2.0 5.04058
-1.8170057085231361 -1.107972138791806 1.0 1.0 4.35769
-0.030188703179386614 -2.70042756725362 2.0 2.0 5.49928
-0.3386732262262708 -0.9587819346243841 2.0 1.0 5.68646
2.648185223811505 -0.11355020254683416 2.0 3.0 7.3248
1.9199851508007992 -1.6376408411556036 2.0 2.0 7.18202
1.1343203239802413 -0.3937851806197888 3.0 3.0 8.98517
2.714505019173207 0.5375885440263942 3.0 3.0 9.10556
1.984976068147937 -0.6225196756788556 2.0 2.0 7.19715
1.62055348326382 -1.262226598458205 3.0 2.0 7.56507
2.2016683014490233 1.0800223603801609 3.0 3.0 8.44793
-2.4102712789119405 1.0734869912040232 0.0 0.0 0.36294
2.9218847604562788 1.3227890095683008 3.0 3.0 8.13252
2.956715056222065 1.3873110929792245 3.0 3.0 7.99421
3.425674674435588 0.9476212666983432 3.0 3.0 7.7063
-1.662476782355314 -1.1131281136539375 1.0 1.0 4.6178
-1.7135488261284197 -0.5829845267901087 1.0 1.0 3.45541
-0.8692278540705212 -1.831532254029816 1.0 1.0 4.90854
2.5007902161532987 1.9342674239174016 3.0 3.0 8.76142
-0.4986080140216498 -0.3630085548179201 1.0 2.0 3.33583
2.766784956083813 0.5623206959983305 3.0 3.0 7.64284
-1.6090242249132365 0.4507865491667893 0.0 0.0 1.12996
2.8062998622624757 0.151591772735254 3.0 3.0 9.36631
1.2820155347943878 -0.4311020222503001 2.0 2.0 7.28688
-2.0986849356659607 2.691547049638074 0.0 0.0 0.31278
1.466280516126735 0.6406148177168787 3.0 3.0 7.70097
-0.798232772971686 -0.0699110301090185 2.0 2.0 5.63393
-1.3071152430088382 -0.08798857928963982 0.0 1.0 1.26226
-2.2998619859981946 0.5751231471681314 0.0 0.0 2.44607
-1.6934401857127177 1.3492029089743307 0.0 1.0 2.2872
-1.262450667489105 -1.3159443416973793 2.0 2.0 6.00567
2.3119921112563313 0.26382501370234035 3.0 3.0 8.02744
-0.6092963193293192 0.003902363470732381 3.0 2.0 7.52027
-3.1232477669768985 2.761029801297917 0.0 0.0 0.82098
0.489887644285473 0.7368044456250522 3.0 3.0 8.37007
1.5346348118029418 -0.17859360109650507 2.0 3.0 5.16168
-1.485793756506937 -0.6388655176172197 1.0 1.0 4.07183
0.5237077877472427 0.4482776183565489 3.0 3.0 7.59359
-1.3392705315834172 0.2255144471629641 1.0 1.0 2.84125
-1.2195089941673554 0.022223037134230836 1.0 1.0 4.06537
2.7361510804352656 1.6356610631184667 3.0 3.0 7.73047
1.8218005714414207 1.1296568641631344 3.0 3.0 7.62189
0.7921372282937634 0.3095916410653769 3.0 2.0 8.07156
-0.7792317240754106 -0.690204296528277 1.0 1.0 2.57463
0.27778264366317307 -2.067703700605985 2.0 2.0 5.18344
-1.632137718430602 -0.08249452325352212 1.0 0.0 4.33624
2.1427095708301143 1.1320850357804815 3.0 3.0 8.4291
-1.700057891221895 0.6899606223182402 0.0 0.0 1.27509
-2.253025551069073 1.2369682934424806 1.0 0.0 3.01953
-3.3715918877876305 1.659398184133651 0.0 0.0 2.0946
-2.6996732684787985 0.3485450181069946 0.0 0.0 2.2144
0.1494986292679683 -1.9657146429008847 2.0 2.0 6.32379
0.45348942931218117 -1.7389024999945921 2.0 2.0 5.37998
-2.7782868445685613 1.8235125063938424 0.0 0.0 0.94865
-1.1613984278479865 1.2709470620813423 1.0 0.0 2.50232
1.426055041082633 0.02054276689218538 3.0 3.0 8.59946
-0.5940985388005858 -1.5429492950850905 2.0 1.0 6.68809
-1.7625143809475379 -0.6655671554950623 1.0 1.0 3.19156
-1.1747816817703804 -1.3489206575983943 2.0 2.0 5.43779
-2.158120459364532 0.43570778416187955 0.0 0.0 2.31578
1.9594370215297583 0.9423673611775097 2.0 3.0 7.20667
0.3063512336325923 -0.6764638359385069 2.0 2.0 5.8537
1.4923780528747246 1.006638801632455 3.0 3.0 8.28634
2.778716395293246 0.677785891238734 3.0 3.0 8.71572
-0.9859015490632298 -0.5978489100074413 0.0 1.0 2.02003
-0.6652960175872531 -0.6378376678171389 2.0 2.0 6.51363
-1.70382255745287 1.8413714693364969 0.0 0.0 0.50611
0.553555647351494 -3.176256083190055 2.0 2.0 6.20443
2.7938707677404744 1.9222658394009673 3.0 3.0 9.18608
0.03730392916799673 0.24725894680149688 0.0 1.0 0.72192
-1.6392821770167367 1.6882210536637456 1.0 0.0 2.55278
1.7268654987642538 -1.3603369619276076 2.0 2.0 7.1918
-3.3272080136164393 1.1418778250942407 0.0 0.0 2.19485
0.5101533084518973 0.8699594782474255 2.0 2.0 7.48667
-0.31114936911552715 0.006066831923098699 1.0 1.0 4.71195
2.301224219433805 1.0342964522421951 3.0 3.0 7.76485
-1.4730343344433878 0.4684874198801363 0.0 1.0 1.61536
-1.4151208398989408 -1.4276192300813604 2.0 1.0 6.77069
-0.7176744445093257 -0.3565537606039185 2.0 1.0 7.10387
1.9801698528637104 -0.018690323450241558 2.0 3.0 7.10243
3.641898556610889 0.985232629760958 3.0 3.0 8.83372
0.6912546045612016 0.6037362912141063 2.0 3.0 7.15101
0.8192227966888223 0.8777928687807858 3.0 3.0 8.14
2.481071825772418 1.6543973253143922 2.0 3.0 7.19205
-1.0513460955137304 0.48595754386714135 1.0 1.0 3.01876
2.6475985706524265 -0.008162504286939525 3.0 3.0 7.89918
1.1659233240126066 -0.7954738902687364 3.0 2.0 7.53552
-0.9927398090272421 -0.450996471579918 1.0 1.0 4.47103
-0.7681552443503742 -1.760367176962576 2.0 2.0 6.37134
-1.4449298684809868 -1.7267662503422403 1.0 1.0 4.94308
0.4134529509604975 -0.5915769302608775 0.0 2.0 1.17809
-2.5176944917370347 1.4013642377485134 0.0 0.0 1.69114
-0.8692278540705213 -1.831532254029816 2.0 1.0 5.63296
2.922679408628397 2.8360102063967383 3.0 3.0 7.95001
-1.45466181836302 -2.2712377901408787 1.0 1.0 3.35695
-1.5576859420843812 -0.019076835249275025 1.0 1.0 3.55755
1.7303127594349716 -1.6757004071271466 2.0 2.0 7.32168
1.1924744577925654 -0.04049966140319821 3.0 3.0 8.05965
2.4720554910082764 0.930903069898594 3.0 3.0 9.27668
1.8899656115096102 1.66633843855619 3.0 3.0 8.69172
1.5548435991923437 0.9506447475084893 3.0 3.0 9.12409
-2.112845657117355 1.423820027311863 0.0 0.0 2.27282
-1.2462707700300248 -2.536309967370371 2.0 2.0 6.25853
0.06892685588971903 0.34831994345971434 3.0 2.0 7.50832
0.3352819798681145 -2.355766305223165 2.0 2.0 6.86239
-0.6065279863226006 -2.463767894928134 2.0 2.0 5.47701
2.5294675478216586 1.6182501932377422 3.0 3.0 8.50157
-0.5433384318315374 -0.3031790152049467 1.0 1.0 4.87673
0.3799337657499651 1.190164502025909 2.0 3.0 6.53731
-0.7427970831127839 -1.419769449947763 2.0 2.0 5.98698
-0.6047284588255769 -0.7917138329804496 2.0 2.0 7.13906
-1.0589247324721573 0.4162118552867191 2.0 1.0 5.50254
2.3348225098140043 1.946625230174723 3.0 3.0 8.67396
2.387966843882572 1.9444475964014936 3.0 3.0 8.30945
2.1642691612460045 1.2674352750531277 3.0 3.0 9.01544
-1.9159868390781731 0.1878044455967886 0.0 0.0 2.29365
1.5286219128983423 -0.6334411515989572 3.0 2.0 8.01232
-2.7697437779490826 0.8201133192947195 1.0 0.0 2.52173
1.5551796429997664 -0.533776729963957 2.0 2.0 7.36286
1.257768510353719 0.010612157133689631 3.0 3.0 7.86252
-1.600722319529532 1.9358776105264235 0.0 0.0 0.76948
-1.7015882607739963 -0.4693568065005631 0.0 1.0 2.11029
-1.3533529939979403 -0.4411647080461762 1.0 1.0 2.68388
-0.1408565980299431 -0.0947091066766635 3.0 2.0 7.70703
-1.8051185334865472 2.125195199343719 0.0 0.0 0.60618
1.938834851248244 0.3096340339974297 2.0 3.0 7.41939
0.4572960105320389 1.2210943384872226 2.0 3.0 6.27441
-0.49980126923682894 -0.944881977953046 2.0 2.0 6.01024
0.7998308816472446 -0.32304483314792526 2.0 2.0 6.77856
0.8533208175043014 0.1002020011635234 3.0 2.0 7.72564
0.9509969788857369 -0.9952869677390147 2.0 2.0 7.16803
2.0905524719233277 1.9792609827787735 3.0 3.0 8.13033
2.391293527464522 2.067778598674648 3.0 3.0 9.08336
-1.241936327957942 0.1019086006331223 1.0 0.0 2.68989
1.2365169402709293 0.6414460524576332 3.0 3.0 8.07985
-1.3488403534845468 -0.6981294846298375 1.0 1.0 4.64449
-1.3857583153730313 0.4333069455128288 0.0 1.0 1.53913
-2.2896789484193762 1.3137655272464699 0.0 0.0 0.43818
1.8687543674156533 0.9792356775424453 3.0 3.0 9.30006
0.2373214152568897 -1.6017539058235757 2.0 2.0 5.29536
-0.30291153126141157 -2.3712442101296216 1.0 2.0 4.68212
-0.01182582469635244 -1.2860387122896506 1.0 2.0 2.90658
2.1286021182579256 -1.3696637385151589 2.0 2.0 7.21787
0.9146396745894767 -0.9256194108207481 2.0 2.0 7.44029
2.305795283369388 -0.9334878274776086 2.0 2.0 7.41136
0.7060699522825441 0.10898977444073263 3.0 2.0 7.78442
-1.5076173119907486 0.6151775181972585 0.0 1.0 1.20803
-2.3418357895875754 0.20195275920057598 1.0 0.0 2.50655
0.6466272800563395 0.7705798341811362 2.0 3.0 5.93294
-1.6021583536744008 -0.5581369920296484 1.0 1.0 3.74613
-0.07517486099697791 -1.6983947719354135 2.0 2.0 5.95872
0.36384223864901594 -1.9295047153632376 2.0 2.0 6.57733
2.4206726260247717 0.25020143681737145 3.0 3.0 8.25405
1.7626371718890912 -0.6281001300989513 2.0 2.0 7.14858
1.6950315973986738 1.3103515475842726 3.0 3.0 7.77156
-2.0908612685975507 1.4084777448377168 0.0 0.0 0.52587
1.1341845797465233 -3.3505035436328634 2.0 2.0 5.28998
0.7489669494955199 -0.6288703844336349 2.0 2.0 7.34044
-0.15700777535882054 0.14571056874048968 3.0 2.0 7.79677
-1.2116709373125691 -1.7208817389011686 2.0 2.0 5.70534
-0.7028015162004221 -1.6520317576799335 1.0 1.0 4.19215
0.3181217088883615 -0.8889011175838832 2.0 2.0 5.2096
0.02234686806051283 -1.807801490660156 1.0 1.0 3.94135
2.097378933537207 1.5869382391773794 3.0 3.0 7.80159
1.844657623374878 0.10617225912247592 3.0 3.0 8.49217
-0.7576214547555027 -2.7325248187604716 2.0 2.0 5.60024
-2.6976358624739607 1.4454199817203859 1.0 0.0 2.65965
-1.8346887505976925 -1.7121660566811132 2.0 1.0 6.18661
-1.1595625878843043 0.2840634127961379 0.0 1.0 1.3779
0.18601319332218222 -1.9297471274679003 2.0 2.0 5.85887
-0.9095868731980054 -1.9548023622680455 1.0 1.0 3.24852
1.3584755982277137 0.12427416369443012 3.0 2.0 7.55273
-1.5407802931856562 0.6419729934199686 1.0 1.0 3.05605
0.022784055881326874 -2.2513551961035376 2.0 2.0 5.36195
1.1296344558733267 -0.08300544341449616 3.0 2.0 7.66597
-0.8339926913168537 0.8671564411156044 1.0 1.0 3.07069
2.1271484915399914 1.2672037118945219 3.0 3.0 9.0916
-0.18271131125171902 -2.0149270229252716 1.0 2.0 4.82581
1.4554506103194977 0.08680560521458697 2.0 3.0 7.43611
4.413610010929368 0.8080695429831297 3.0 3.0 8.34399
0.6605549203289147 -2.111169420940985 2.0 2.0 5.56057
0.3733599143485215 -2.5167411671074547 2.0 1.0 5.79327
-1.8104009216160921 1.341838110473712 0.0 0.0 1.56197
-0.22018396901979875 -1.276772286317572 1.0 1.0 4.46986
-0.35700583122942986 -0.17159645380359728 1.0 1.0 4.64219
0.49398980324191305 -2.6193791039609566 2.0 2.0 5.5017
1.1713168736231612 1.6049761314747217 3.0 3.0 7.84201
2.7826294894377974 -0.42115443296734517 3.0 3.0 7.79763
-0.7198167503031869 0.71028579564012 0.0 1.0 1.08983
-0.3001794679714531 1.3146664920313555 3.0 1.0 8.24788
-0.9133574353644685 -1.1824338715034683 2.0 2.0 5.90753
0.10023936868824022 -1.6432296025000253 1.0 2.0 4.91273
-0.5833152027143464 -2.3304192669075654 1.0 1.0 4.33137
-0.8557778905205191 2.072406360326639 0.0 0.0 1.11945
1.4822064264483799 0.558713225896911 3.0 3.0 8.50603
0.6060262372170677 -2.4385788294656128 2.0 2.0 5.40988
1.93187283393585 0.6248295451558583 3.0 3.0 7.52292
3.3650797602168008 1.6217174326671535 3.0 3.0 9.08312
-0.98590154906323 -0.5978489100074407 1.0 1.0 2.8982
2.235569802273729 0.757903156325573 2.0 3.0 7.3442
2.2143884862278487 0.06674694278321726 2.0 3.0 6.39056
-2.0975781288558406 2.1195788058625364 0.0 0.0 0.85277
0.3465358140254137 -1.5998584844220491 1.0 1.0 4.46062
-2.4401771448030227 2.818694243962401 0.0 0.0 1.70516
-1.105401866650528 0.13326068439611394 1.0 1.0 4.04861
1.5829569242139327 -0.9038241846771653 2.0 2.0 5.7797
0.703458494418481 -2.458617965226399 2.0 2.0 6.45606
-0.6481762899806792 -2.171541212679725 1.0 1.0 3.97076
3.2411575220469504 0.6892918968043005 2.0 3.0 7.36127
1.7753278327790323 -4.2356226144686735 2.0 2.0 5.79125
1.7548920214798218 1.4683019078266382 3.0 3.0 8.4441
-1.7574460559625626 0.8278537508077537 1.0 0.0 3.14697
-0.45046583309108557 -1.3968474254726735 1.0 2.0 3.40289
0.9993029131145011 0.044397209817254285 2.0 2.0 7.43907
2.199988353132982 -2.5953059439020443 2.0 2.0 7.1729
-0.8236474253729273 0.6498412702698418 1.0 1.0 3.02804
-2.161468967867955 -0.03678146520976646 1.0 1.0 4.83995
-1.1969288578752146 0.03729857716970259 1.0 1.0 3.27628
-0.29163314802811696 -1.9944488893180428 2.0 2.0 5.02356
-2.4213197920622127 -0.33543366370580946 1.0 1.0 3.81919
-1.0789846153670903 -1.4247416729618225 2.0 2.0 5.5207
-2.699327447501857 3.7499622822069303 0.0 0.0 0.86785
1.2771796240718878 -1.9484065214811197 2.0 2.0 6.46084
-0.3359295389158631 -0.6672234937982134 2.0 1.0 5.95596
-0.09511453149005657 -1.0242285846368704 2.0 2.0 5.99081
0.3109797175104987 -0.10080212590446597 1.0 1.0 4.6126
-0.9034373294327314 1.2613331907889356 1.0 0.0 3.02004
2.0022871321840863 1.9364330737600197 3.0 3.0 7.80474
1.121256187425077 -0.8073691356997856 1.0 1.0 2.77001
1.9946756400633818 -1.3590416965973973 2.0 2.0 7.04609
-3.0443266363005645 2.2102543702004653 0.0 0.0 2.07354
-1.7531111579910263 -1.7057668786781397 1.0 1.0 3.01426
1.800487431417846 -0.060155757069982926 3.0 3.0 7.87094
-1.5712862042990534 -0.5482078502423459 2.0 1.0 5.25974
1.3293916263011503 1.256615619721511 3.0 3.0 8.59972
-1.2185910365834154 -1.2567150421229476 1.0 1.0 3.40764
2.090209016974256 0.8228416207389693 3.0 3.0 7.9378
3.641145519435984 0.6719849859302857 3.0 3.0 7.87458
3.210833467327891 0.6764315614229292 3.0 3.0 8.56081
-0.649898725226181 -2.1620458608896365 2.0 2.0 5.22199
-0.3960797287984345 -1.0038492705451318 3.0 2.0 7.64525
-0.5134002757945743 0.8971144417176111 3.0 1.0 7.81675
-1.9446849443923415 1.0159093856651233 0.0 1.0 1.33891
3.6685164073307392 -0.5967874253830594 3.0 3.0 8.18839
0.5348899345465357 1.0106515175418418 2.0 3.0 6.51522
2.2376610407520747 0.9362962592197398 3.0 3.0 8.79961
0.9967122424250292 -0.3489828701950852 2.0 2.0 7.1983
1.442723874308802 1.7343597286692505 3.0 3.0 8.8193
-0.4214738634820466 0.6157245091419942 0.0 1.0 1.72733
-2.339598046935998 1.0506678169340082 0.0 0.0 2.2118
0.46510664203946395 -1.7336115777785452 2.0 2.0 6.41081
2.651977176648387 1.0594719043274547 3.0 3.0 8.31882
0.03126149195214969 -1.2971926196306465 2.0 2.0 7.28051
-0.09526176531691913 -1.6099824621512655 2.0 2.0 5.42369
-1.9636686701419326 0.7905111193081995 0.0 0.0 0.33777
-2.4570405673164233 1.2932134531095165 0.0 0.0 2.22097
-0.3694224887086775 -0.7359868671700627 2.0 2.0 5.86869
0.894077424194359 -1.2395533893889703 2.0 2.0 7.23626
-1.9753565001936646 0.8474404130136428 0.0 0.0 1.91122
-2.9732404670018697 2.8539660818205506 0.0 0.0 1.25489
2.76715483530209 1.2660904701092215 3.0 3.0 8.34248
-0.8602925531475571 -2.411701594125205 2.0 2.0 6.30128
-0.837624038320614 -1.5366700336998758 2.0 1.0 5.61386
1.8958717181823173 1.437554951704769 3.0 3.0 8.35264
-3.7224675436201005 -0.9227516372636378 0.0 0.0 2.32411
-2.1341842595895097 -0.016514145941236843 1.0 0.0 3.08373
1.6918632186663805 0.3668057103468237 3.0 3.0 8.88333
1.7420344346726027 0.9319847009295746 3.0 3.0 9.3097
-2.386915135616071 0.16276565304959914 0.0 0.0 2.28001
1.961705146648608 1.1906298560535522 3.0 3.0 8.69711
-2.2369050540077264 1.809968020786569 1.0 0.0 3.32971
1.887455184368796 0.9372796213478428 3.0 3.0 8.07409
-0.4886352058868984 -1.0611271802334508 0.0 2.0 1.68363
-3.482600552861447 2.320376466730495 1.0 0.0 3.76119
1.7877351784883466 0.37350015589005187 3.0 3.0 8.22127
-1.714644103937597 -0.007195363541155224 2.0 1.0 6.46253
0.886767626134331 -0.2953884656864374 2.0 2.0 6.04746
1.408070161940419 -0.5535468357170824 2.0 2.0 6.39244
1.1226327508101326 -0.5110926762219135 2.0 2.0 7.05972
0.7058549898105498 0.5023616498778803 3.0 3.0 8.12819
0.6898076575406659 1.4505154671069034 3.0 3.0 8.176
2.8093226106813174 0.18747013051432082 2.0 3.0 6.19691
1.4222055354783403 0.2702949418106871 3.0 3.0 7.5478
-0.6610056297995498 0.06362411832444528 2.0 2.0 7.31256
0.6652614540956377 -0.15313926391278743 2.0 2.0 6.8385
-3.1932396782642374 1.2989659111528655 0.0 0.0 1.72296
-2.8699954246431805 2.3647075184710067 0.0 0.0 0.6235
0.6673523441647751 -3.575933966984834 2.0 2.0 6.30702
-0.4946360736507781 -2.035681815034346 2.0 2.0 5.77335
0.3926351829589776 -1.3761087644743086 2.0 2.0 5.99676
-1.8169132440044653 -0.985212829857677 2.0 2.0 5.72347
2.2860061719391345 -0.6515799407673067 3.0 3.0 8.17787
1.8224411219563277 0.09814333221782462 3.0 3.0 7.65651
-2.406712173717684 0.7924810667144561 1.0 0.0 3.00794
-4.044463004391789 4.7094131328432 0.0 0.0 1.20904
-3.3138010827238973 -0.795790392316351 0.0 0.0 0.67169
2.889674743346184 0.5219867069367121 3.0 3.0 8.90177
0.5889925128001747 0.18947894636901524 3.0 2.0 9.26006
2.1086868680495625 -0.20671237382999172 2.0 3.0 7.18863
-2.3288778098976013 1.4248884260728598 0.0 0.0 1.45918
-2.054673827302606 -0.4857584776536132 1.0 1.0 3.67136
0.9913124467385921 0.31405437120190266 3.0 3.0 7.85009
-2.821896319924872 0.630462411700229 1.0 1.0 4.9934
0.41477269230667524 -1.208091896112157 2.0 2.0 5.61932
2.9900644963908594 2.211230894538487 3.0 3.0 8.09666
-2.7057513286750257 1.3359825272360397 1.0 0.0 2.88209
-0.7462130804001103 -1.0785456679544803 2.0 1.0 6.70089
-1.6852031268809042 3.5152471069235154 0.0 0.0 0.77246
-1.1662295072312983 -0.041538961972213885 1.0 1.0 4.74841
-0.7509424116732992 -1.0791207654139783 2.0 1.0 6.00498
-3.9300068297527964 2.6601696948783444 0.0 0.0 0.79533
3.5265156764551295 0.8318320183302753 3.0 3.0 8.29181
1.5147904939817418 -1.2222796935212774 2.0 2.0 7.45708
-1.770487458381021 0.15849252908986222 1.0 1.0 3.57088
-2.4204176838231195 0.9927290895576675 0.0 0.0 2.20248
-1.0002206946176284 -2.1779970180955437 1.0 1.0 4.10043
-0.6584770634397381 -0.7117525222840985 2.0 2.0 5.75033
1.0542995733399239 0.6436597574266775 2.0 3.0 7.39319
-2.0129232376487147 1.340477022484884 0.0 0.0 1.19542
1.1357627098364174 -0.05013853525050623 2.0 3.0 5.46691
0.07749447602997703 -0.8614678573723056 2.0 2.0 5.67549
2.9878492624618533 0.8311950362686217 3.0 3.0 7.63839
1.9683866183485357 -0.30341212365598236 3.0 3.0 7.78595
0.9540824747290209 0.1457976299177659 3.0 2.0 7.68333
2.6080302594499583 0.2707346354148487 2.0 3.0 7.40042
-2.8440904840649592 -1.443068508966048 2.0 1.0 7.36568
1.1334954710529614 1.0264896235507297 3.0 3.0 8.59379
-1.3025421520886018 0.3812322541465154 1.0 1.0 4.07906
-1.4064542451968265 0.4354835006547185 1.0 1.0 3.87611
2.74565261472875 0.9351788229414849 3.0 3.0 8.31705
3.1237805313752265 0.30167115794469085 3.0 3.0 7.68245
1.859492395184147 0.17865493792472006 3.0 3.0 8.35686
0.9109795863846603 -0.9783679488270884 2.0 2.0 6.78284
3.1502485116892247 1.7411764457718009 3.0 3.0 8.90109
0.3696138434866994 -1.398993235254512 2.0 2.0 6.62325
-2.1583201621296833 3.7562750144236694 0.0 0.0 0.35874
-0.13938250663797414 0.14260736124169457 3.0 2.0 7.50569
0.3377900083792146 -1.3221306439008076 1.0 2.0 3.77629
0.49860536376310216 -2.1720307286785037 2.0 2.0 6.54934
-1.857917958113064 0.1812064051531381 2.0 0.0 5.97781
0.1394086258954866 1.9781539599157314 3.0 0.0 8.6862
1.778029179971852 -2.4869754762668568 2.0 2.0 5.37382
2.8649408159826937 1.794428830740209 3.0 3.0 7.72462
0.8698092342791961 -2.561692888671462 2.0 2.0 6.77889
1.927349039640707 2.079266914377599 3.0 3.0 8.04272
-0.9617704772327915 -0.9429464017769604 1.0 1.0 4.57281
-2.9401712915294076 1.4905663352354634 0.0 0.0 0.09297
-0.9949488505105417 0.2633108658828929 0.0 1.0 0.39611
0.5527504476307833 -0.7628443887190479 2.0 2.0 6.04901
-2.7132326882313595 -0.9069327350985915 1.0 1.0 4.08798
3.5289651336479797 0.1894916774606187 3.0 3.0 8.40277
0.7453147492110886 -0.5801946545311168 3.0 2.0 7.58291
-2.157077581140079 -0.3655378467435276 2.0 0.0 5.79114
1.6005735136502917 -0.0031554332085821373 3.0 3.0 9.09386
-2.068439000215093 0.6910102890770484 0.0 0.0 0.93684
2.7545986094141783 1.8299608319561567 3.0 3.0 7.89068
2.488218619278604 0.9191631990896102 3.0 3.0 8.17256
-2.0068933420284507 0.34908594753819544 1.0 1.0 3.66149
-0.14186689650498155 -1.8255739834322375 1.0 2.0 2.8069
-2.2874409581345705 0.047373064770224495 0.0 0.0 2.03798
0.7780830760588808 0.06281495365525272 2.0 2.0 7.0231
-3.0348132425692014 -1.7116257117648699 1.0 1.0 3.34172
-2.2925586012837393 0.19891257554245279 1.0 1.0 3.10354
1.6823442697453646 -1.8998541881380675 2.0 2.0 5.55645
-0.506714676650554 -0.3920667122964297 1.0 1.0 4.64722
1.0445100216455254 -2.346281893851309 2.0 2.0 5.51981
-1.9476524777365876 -1.8768551542316796 1.0 1.0 4.87659
-2.366378746428732 1.7951793504302644 1.0 0.0 2.70828
-0.789208530032929 -1.6936038979359003 2.0 1.0 6.16611
-2.1162074426062167 1.0709665368148096 0.0 0.0 2.32454
1.6559236231442667 0.293418841799237 3.0 3.0 7.99341
2.0327286332817978 0.3367501615867045 3.0 3.0 7.96462
1.3189776869933025 0.7221964629125835 3.0 3.0 7.69534
-1.1631363228161309 1.854231924148691 0.0 0.0 2.28653
-1.6169668010514535 -2.008692878998279 0.0 2.0 0.23473
-2.1272798803933832 -1.101205781712085 1.0 1.0 3.44718
-1.2997028770163426 -0.3992274490362192 1.0 1.0 3.92728
0.31638871148500497 -1.0341977204293267 2.0 1.0 5.12467
0.6053296864017657 -0.4170633644938147 2.0 2.0 7.44176
-1.7217077612858078 -0.47415187464185876 1.0 1.0 3.72423
2.040646566357345 -0.08727177884587414 3.0 3.0 8.61205
-1.2597922007185096 -3.1406820982607178 1.0 2.0 3.65518
-1.3075675428729303 -0.8554612395840427 0.0 1.0 2.28324
2.986672300485024 1.3022995654343297 3.0 3.0 9.18776
0.9149225184125777 -1.627777288541616 2.0 2.0 6.38468
0.8146719743072084 -0.35369018149904335 2.0 2.0 7.1486
-2.3103651450629523 1.6407351140742175 0.0 0.0 2.02879
-1.1049250093282135 1.4703657820221483 0.0 0.0 0.66039
-0.567131291501859 -1.737067897792594 1.0 2.0 4.93524
1.9378161321309886 0.8473413440400313 3.0 3.0 9.11794
-1.9724617709176469 1.7604467710552756 0.0 0.0 0.72693
1.9735510680066657 0.7884151359503558 3.0 3.0 8.09534
-2.821028567864337 1.4289335081496723 0.0 0.0 1.95454
-1.8104832309285044 0.38484358072753083 1.0 1.0 4.15416
1.833068441952361 0.24924122807943547 3.0 3.0 7.74076
-1.3833290398881486 -0.4923106869856957 0.0 1.0 1.01081
1.301187232680991 1.6637527309132139 3.0 3.0 8.03831
-1.197882486072878 1.8329450906840208 0.0 0.0 0.86603
1.532653837659963 0.7746561037326438 3.0 3.0 7.78005
-0.7286994438808322 -1.871403641735574 2.0 1.0 5.60344
-1.34519453970966 -1.7768259754736415 2.0 2.0 5.94542
-1.47115553329007 -1.9529424527151036 2.0 2.0 6.03272
3.3261668472488166 1.4059292077249606 3.0 3.0 7.69986
2.1762902598448073 -0.05921847178003574 3.0 3.0 8.36319
-2.49689431923116 -1.2424312769098822 1.0 1.0 4.43226
-1.2639701666593608 -1.0501269026399898 1.0 2.0 4.77707
0.48977295446698693 -1.3761353727929544 2.0 2.0 5.53009
-0.16608385462897335 -0.3907720345975081 2.0 2.0 5.23191
1.2885942642252883 -0.5410827030353174 2.0 2.0 6.77437
1.234808267493068 -0.17615341946545998 3.0 3.0 7.61372
-2.574409863315026 2.4655212336168346 0.0 0.0 0.8977
1.9302803067373187 0.572012283775529 3.0 3.0 8.89073
0.5783977644084839 -0.735993884873437 2.0 2.0 6.50564
-1.0916983442257668 -1.3523540788041648 2.0 1.0 6.89271
0.6513483768793884 -2.5837225056235362 1.0 2.0 4.77609
-0.7213345573225831 -1.5102733332524065 1.0 1.0 4.47636
1.932852456785498 1.0665092548003026 3.0 3.0 8.73082
-1.353352993997941 -0.44116470804617597 2.0 1.0 5.29565
-0.7792123374996823 -0.42411184934357454 1.0 1.0 4.30228
-1.746658197824782 -0.05370705113120776 1.0 1.0 3.53418
-2.2287880182144915 2.3595572788083135 0.0 0.0 1.27001
-1.302814698477864 -0.11532754076831407 1.0 1.0 2.63139
0.7583720038863413 0.5852269446062557 3.0 3.0 7.52482
-2.1769725167190663 -0.6302374978191703 0.0 1.0 0.38309
1.826804943638458 0.5447672804776051 3.0 3.0 7.6682
-0.4393888710221784 0.3715248028353232 2.0 2.0 7.27384
0.3605332445449801 -1.5854451425083569 2.0 2.0 5.38242
2.64762847972495 5.767695920014304e-06 3.0 3.0 7.65698
2.426180562465434 2.187012655243089 0.0 3.0 2.38592
-0.6118783193740285 -0.012343623106635563 1.0 1.0 4.76164
-2.0993566649211743 -0.35049646739475065 1.0 1.0 3.67887
-1.0853870891231119 -1.781301290454836 1.0 1.0 4.94828
1.9374527002760074 -0.286602984438642 3.0 2.0 7.82114
-2.0147485484646106 -1.8366335691356794 1.0 1.0 3.26227
-2.36826262274236 -0.6667082411448575 0.0 1.0 2.35211
-2.0029302803979094 1.3401382867578813 0.0 0.0 2.19305
0.1335572812884157 -1.2800912821448518 1.0 2.0 4.69332
-2.2422935230043 2.4674610123953 0.0 0.0 1.76715
-0.07446871086677509 -1.86534588477033 0.0 2.0 2.45036
-2.368670066403677 0.35656120813536407 0.0 1.0 1.33904
0.03529332586732433 -1.3312469418484276 2.0 2.0 5.37216
2.217512111217316 -0.817581928062844 3.0 3.0 8.16301
2.1063342247559667 -1.9405072483717358 2.0 2.0 7.42815
-1.2057749699102946 0.4794466637211367 1.0 1.0 3.78572
-1.45466181836302 -2.2712377901408782 1.0 1.0 4.12277
-1.272000780868862 -1.5815940339246883 1.0 1.0 4.18251
-2.382361310676349 -0.5952660633574982 2.0 0.0 5.69647
-0.9397461068803462 -1.5028059792705484 1.0 1.0 4.36786
2.254771767755343 0.02288283626418894 3.0 3.0 8.77912
1.9964302519497699 1.422198734631542 3.0 3.0 7.98902
1.487393038889843 0.7013093623766934 3.0 3.0 8.05913
0.04257645598732572 0.014187435165312285 1.0 1.0 3.04223
-0.9754083799075667 -1.4159429349118893 0.0 2.0 1.57774
2.034683830834579 1.7448032573675947 3.0 3.0 7.89093
-0.046930340475656834 0.24653869055219813 2.0 2.0 7.15923
0.4584005444595844 -0.11232711880821653 2.0 2.0 5.70307
0.48376879406541246 2.659439992052525 0.0 3.0 1.70452
2.2291120170120395 -1.1915513913394062 2.0 2.0 7.32509
1.7157646818848584 -1.1034268485189742 2.0 2.0 6.82462
-1.4372541967348058 1.0226720318854725 1.0 1.0 3.69308
-0.6885643588031117 -1.9752657696723264 2.0 1.0 6.14058
0.8010089197803464 -1.9710566913188026 2.0 2.0 6.8083
-1.7123643613799124 2.375324964822955 0.0 0.0 1.80722
-1.4321422218338156 2.178461177539269 0.0 0.0 1.62758
-3.0586570914869484 0.6633608608100326 0.0 0.0 1.61306
0.17094219985933795 -2.2654950185060283 2.0 2.0 5.62207
2.0233146683531835 1.9385094301177008 3.0 3.0 8.32927
3.0762752297095557 0.44826642402038364 2.0 3.0 7.28416
0.5510953906822796 0.864027091437848 2.0 3.0 7.43515
-0.9827504724793618 1.5524035721495575 0.0 0.0 1.03199
-1.2038145583250357 0.2763621465495098 1.0 1.0 2.7925
0.630887577138881 -0.9229812055752296 3.0 2.0 7.72601
0.05038995359325313 -1.5138997598651247 2.0 2.0 5.34054
-0.26470799311608656 -2.8109965549446896 2.0 2.0 6.02815
2.6151014971372426 1.3971674658573008 3.0 3.0 7.79108
3.942923340867305 0.34415035490630347 3.0 3.0 8.18426
3.491002451152746 0.8743096183681955 3.0 3.0 8.29555
0.3848755477102722 -2.2617081501570997 2.0 2.0 5.97684
-0.8102048273398745 -0.8432180404183728 2.0 2.0 6.67661
-2.221287214914592 0.9611040967742757 1.0 0.0 2.51715
1.3784344528031651 -1.0173400616770725 2.0 2.0 5.96366
2.7341866328690796 1.6107360629208622 3.0 3.0 8.40857
0.8744707728212486 -1.0199396973450643 2.0 2.0 5.97138
-0.6138119203973199 -2.7272850292536797 0.0 2.0 1.8766
-2.7190896975015293 0.8656431273120685 0.0 0.0 1.26715
1.4936852993614913 1.4719963956003679 3.0 3.0 8.10695
-1.8582048954522052 0.4946059242524067 1.0 0.0 2.86351
-1.4722228338020746 -1.3732779899792922 1.0 1.0 4.56243
-1.188491072581209 -0.2055137947939742 2.0 1.0 6.77106
-1.5712862042990539 -0.5482078502423456 1.0 1.0 4.27435
-2.6699591462469234 2.0260595652958164 0.0 0.0 2.33702
-0.717827458537986 -0.757945124203547 2.0 2.0 6.22517
-1.3077171461211305 0.3993092427090612 0.0 0.0 2.28288
-1.0115108460927573 -1.7539264152143745 1.0 1.0 2.92318
-0.6301319017147795 -1.5562881587030697 1.0 1.0 4.82591
3.215650846787361 1.3301900661329447 3.0 3.0 8.40476
-1.551566863574399 -0.3753775912868892 1.0 1.0 4.04502
-1.8473285017770704 -0.4606549285235814 1.0 1.0 3.25087
2.6374885962612553 0.5744207456390029 3.0 3.0 9.13731
1.3310309224548118 -2.8937879186206 1.0 2.0 3.13031
2.267277204143508 1.0582684318196456 3.0 3.0 8.98411
2.9413412690171463 -0.5555045186915201 3.0 3.0 8.27192
-2.608091226363829 0.09696580833137086 1.0 0.0 2.50335
2.3251197530779915 0.5407337565943039 3.0 3.0 8.36117
-2.9364540385570823 -0.6340327894538682 1.0 1.0 3.22809
-0.5912738682555728 -1.262931859038237 2.0 1.0 5.46099
-2.5737598964133555 -1.2343527422361182 1.0 1.0 4.04843
2.6151136515785707 1.7654056522466306 3.0 3.0 8.18626
-2.1384310004907947 1.5320024439275746 0.0 0.0 1.96752
-1.4826579505780948 0.4409971350467597 0.0 0.0 2.03629
-0.2648478781757701 0.7082108418966343 1.0 1.0 2.81544
0.0795348895600509 0.6361012296398009 1.0 2.0 2.81495
2.4406504895271515 -0.330327646711781 3.0 3.0 8.32533
2.479727227414247 1.4208582330158999 3.0 3.0 9.44414
-0.6187744297231405 -2.3263067485858886 2.0 2.0 5.7132
-2.014225958768629 1.9161596516639885 0.0 0.0 1.18547
-1.2677903660399121 -3.3048496288644533 1.0 1.0 4.02927
2.564862425165075 -1.7172516338255854 2.0 2.0 7.06044
-2.735554041900307 0.5639413769574041 0.0 0.0 1.81886
1.9592227275566425 -0.24787495161401296 3.0 3.0 7.61579
3.0416503180702414 0.21051667094581755 3.0 3.0 8.07779
-3.6859032722293312 1.227445765963783 0.0 0.0 1.9156
-1.109034403921152 -0.18594177524036903 0.0 2.0 2.01092
1.3536151457658396 0.4066014243442952 2.0 3.0 6.01153
-1.7888484699215763 -0.7933928446002928 1.0 1.0 3.8786
-1.297950483969893 1.3471261339075917 0.0 0.0 2.12445
-2.0449392704810676 0.5820492851976511 1.0 0.0 2.87786
1.9843102531618881 1.211984042404219 3.0 3.0 7.76927
-0.4496427779112275 -1.5370825195718645 2.0 2.0 6.46945
3.180872631409805 0.3658059313288452 3.0 3.0 7.85322
0.8239680805194185 -1.8117650686826563 2.0 2.0 5.91337
-2.354255826905182 -0.339152942744934 1.0 1.0 3.38468
-1.9482738450215875 -0.5412448123851729 1.0 1.0 3.18329
-2.311895525486625 0.12541351768432393 1.0 1.0 3.18035
1.097148967564102 0.5317293385022428 2.0 2.0 6.35892
2.102817634318586 1.6503363606314343 3.0 3.0 8.46729
2.5974613138215377 0.4451237198214733 3.0 3.0 8.18232
-0.990483730031075 -0.6976762118519766 1.0 1.0 3.61438
-0.6300264056515277 -1.8481272434717522 2.0 2.0 5.32261
0.3065934621614917 0.3245329700639943 3.0 2.0 7.62597
-0.8982599110514449 -1.595199330997878 1.0 2.0 3.00844
-2.2928227250692226 2.3449461531749534 0.0 0.0 0.57771
0.37014595058195116 0.33956329094960636 3.0 2.0 7.72011
1.9831812376771139 0.12791980306894993 3.0 3.0 7.8741
2.832406189472139 -2.0276227481200704 2.0 2.0 5.45862
-0.5265940674829663 -0.8119735563762813 2.0 2.0 6.17815
0.462221658566593 0.3033027721918058 1.0 3.0 4.99314
-2.5137131130378836 0.7664416904438108 0.0 0.0 2.20106
1.8307652249359172 0.09231960737781943 2.0 3.0 7.43974
-0.12343402981063177 -0.26553330926716495 1.0 1.0 4.76938
-1.9795784140172845 -0.16125696722386437 1.0 1.0 2.84348
-1.5149112926495503 0.4352225110688529 0.0 1.0 1.10765
-1.9482738450215875 -0.5412448123851729 1.0 1.0 4.69496
-1.5247959155079291 1.959715146090788 0.0 0.0 1.88379
1.0152140921817867 -2.5303363117354523 2.0 2.0 5.07872
-0.4580521950987729 -0.20496705019125322 2.0 1.0 6.81901
-2.054157200419317 1.2319122511872842 1.0 0.0 2.60506
0.5821113922266127 -1.9531068227523922 2.0 2.0 5.72995
2.7461705403729906 1.8348524954052585 3.0 3.0 8.26309
-1.7674086361705972 2.6109880546994506 0.0 0.0 0.87517
-2.7205073701705165 2.5296425799775264 0.0 0.0 1.13654
3.043728006247152 1.1454728181900211 3.0 3.0 8.82815
-1.2014744637083155 -0.7264884600504793 0.0 1.0 1.91097
0.6731438560181549 0.6822894311412703 2.0 3.0 7.0972
-0.8956899120484547 -1.5561805233503037 2.0 1.0 5.59396
-1.7997862778280207 0.7664204970085955 1.0 1.0 4.45626
-1.312417576996532 -0.708199174442334 1.0 1.0 3.53888
-1.905399515755 2.21837648876929 0.0 0.0 2.46669
2.8064786201898877 1.7154154014654461 3.0 3.0 9.14011
1.1194191111648064 -2.6870459141891905 2.0 2.0 5.65995
1.8313010720834508 0.2452527466623697 3.0 3.0 7.96521
0.03293105101253248 -0.061684816241878014 3.0 1.0 7.50978
-0.599263463517471 -0.8590312123501684 2.0 2.0 5.96719
-1.8625520907730815 -0.17107977085773846 1.0 1.0 4.3646
-1.4786279998893295 0.9070830768291145 1.0 1.0 2.85172
-0.3517002487634854 -1.5114289728237864 2.0 2.0 5.1026
-0.7427970831127841 -1.4197694499477624 1.0 2.0 2.87469
-0.9614953097227883 0.5496623986143337 2.0 0.0 7.36733
2.3555427136353537 0.3893780750532847 3.0 3.0 8.20992
-1.4722228338020753 -1.3732779899792917 1.0 1.0 4.89433
