0.8110041542909007 2.1129664321722124 3.0 3.0 30.86896
-0.5464182308039575 -0.5381678268528387 1.0 1.0 26.99244
0.5438954448329187 0.9674109915890426 1.0 3.0 25.56072
2.649141516761621 2.283478448347269 3.0 3.0 31.54471
-2.2932998266218925 0.9213309267169468 1.0 0.0 22.16111
0.7247401654358911 0.18607820635344963 3.0 2.0 31.09518
1.610064729915493 0.29471386876401273 2.0 2.0 30.05311
1.5353019513461674 0.3466935341273224 2.0 2.0 27.86537
1.9323004648106055 0.05546086650036338 3.0 2.0 30.67892
-3.3151698199162793 0.8840355608618428 1.0 0.0 21.92041
1.4649490584387974 0.5973063469026914 2.0 3.0 28.65377
1.522371193873819 0.28088734024687073 3.0 3.0 30.97882
1.7125547665465704 -1.7758631682980064 2.0 2.0 29.26834
1.3420496315480501 0.7211979283543792 3.0 2.0 30.42018
-2.2608948283808967 0.20774315528209586 1.0 1.0 27.23351
1.9340096922443994 -1.1692804166713517 2.0 2.0 27.61903
0.5941119996519456 -0.42779291665794705 3.0 2.0 30.43328
-2.1400921586251753 -1.5033573153732076 3.0 0.0 30.49004
2.117048283316524 2.8850333985461165 3.0 3.0 30.89036
2.391800950228029 -0.743452059770934 2.0 2.0 28.4015
-0.771330061989755 0.19945184933369745 1.0 1.0 25.24407
1.432005697803001 -2.893117962423797 2.0 2.0 29.83431
1.6605677685468831 -0.002105045149567918 2.0 2.0 28.38959
0.3386893234890121 1.1719452171792368 3.0 3.0 30.39254
-1.2155249982146812 0.3049637151930644 2.0 1.0 28.2185
0.22412107850742174 -1.5461275455565895 1.0 2.0 26.61696
1.1867521544777895 0.18791398729371697 3.0 3.0 30.77192
2.1323319532142357 -0.09211774311267323 2.0 2.0 29.89135
-1.1443866174797173 0.48442278057041405 1.0 1.0 26.21575
2.1515962011135112 2.60432589155237 3.0 3.0 31.76136
1.7284175006897078 0.5545923982392303 2.0 3.0 30.09448
1.686751769910636 -0.030148021502864757 2.0 2.0 29.14432
0.39538895514685873 2.918895892221254 3.0 3.0 33.95433
1.021789897599386 -3.3243634061270373 2.0 2.0 28.71014
-0.6036889788883838 0.042187023834225554 2.0 1.0 27.98287
0.3181966672798448 -2.0923950672939458 2.0 2.0 27.50627
-1.5679752959541697 -0.6015186602422845 1.0 1.0 26.3016
1.3541628323353692 -2.0031801873230055 2.0 2.0 28.72908
0.9847330150777094 0.554455536581108 2.0 2.0 29.31718
2.687562191918999 -2.5228997684676377 2.0 2.0 30.15773
1.5107352923812054 -1.4029318010030998 2.0 2.0 27.41701
0.8087444695617709 3.245384016788427 3.0 3.0 31.70621
1.4718484485510765 -1.87352578952929 2.0 2.0 29.81416
-3.1124897907735205 1.5268219590992218 1.0 0.0 27.02166
-1.1375861258030253 -0.6282562752614256 1.0 1.0 26.97117
-3.3618287702086276 1.2598947777679959 0.0 0.0 19.32432
0.9711224173743837 -0.569213306940453 2.0 2.0 29.3063
-2.4464287954113506 0.5710102489875539 1.0 1.0 26.97027
2.7809686082929557 1.2738475023398717 3.0 3.0 30.89647
0.12527636751084528 -0.7437407282036457 3.0 1.0 34.98672
2.3653906383577348 1.5781534293559096 2.0 3.0 29.98878
2.4720890653284635 3.399939695940428 3.0 3.0 32.14891
1.0777250657841477 -1.0219860865740336 2.0 2.0 29.73232
-3.3468523010446836 -0.13635860510128514 0.0 0.0 19.73593
-3.2708306350608294 0.460741750430146 1.0 0.0 22.64584
-2.876483816515376 -1.7412485099913695 1.0 1.0 23.09374
-2.748565803059091 -0.03596230989823214 1.0 1.0 22.75142
2.5714502475308487 1.8205168379390984 3.0 3.0 30.81522
-1.1340256438794263 -0.5420697523906813 1.0 1.0 25.18456
2.0901332495752514 1.7360659430481054 3.0 3.0 31.01856
-0.7216388553747566 0.7689987594444294 1.0 1.0 21.81176
0.9722466270837063 0.3716052714530819 1.0 3.0 26.83073
2.8740534403183813 -0.8737782570835314 2.0 2.0 29.25227
-3.0791730176695347 0.2924193236892016 1.0 1.0 22.42876
1.3722840559357554 -1.8170227323332904 2.0 2.0 30.14272
2.3450545343563105 -0.4174594719672631 3.0 2.0 30.70496
0.240609560717532 0.5725612778046046 2.0 3.0 29.5561
1.4288407403313221 0.7087746047780248 2.0 3.0 30.01988
-1.2245770605095334 0.19624343657256232 1.0 1.0 25.16635
1.5577433990419052 0.6194727982938325 3.0 3.0 31.01632
-2.8422511689319685 0.4209938429767418 0.0 0.0 19.55179
0.8854033904403639 -0.060512311585805896 2.0 2.0 29.03454
2.8945934713193378 1.2465320366509034 3.0 3.0 31.06824
1.854073702459991 0.828458498462467 2.0 3.0 29.71304
1.7282361289761754 -1.34782214522613 2.0 2.0 27.50741
-3.469935533244047 -0.004101907057308363 0.0 0.0 19.42518
1.5074619904718607 -0.47702670640129113 2.0 2.0 29.91945
-0.2878230085397537 -0.7009828914282207 2.0 2.0 28.82851
0.9424552652811017 0.3747055829583516 3.0 3.0 30.94321
1.4813961806929137 -1.249548722888415 2.0 2.0 29.18263
0.2488710527854845 -1.5799071786932521 2.0 2.0 28.14669
-1.2355746826527148 -0.7785682491741807 2.0 1.0 27.79731
-0.2126632104189227 -0.5200795052369491 1.0 2.0 27.29963
-1.3917937953708075 -0.7195342842030223 2.0 1.0 27.31429
1.5600521188406615 1.484603892490266 3.0 3.0 30.86868
-2.710402192330837 0.40037814497312085 0.0 0.0 10.68485
1.4232674807782508 -1.1841503440842656 2.0 2.0 27.97779
1.1487269197347831 -0.9243220484092565 2.0 2.0 27.38758
0.6096286714337703 -1.5883491895289477 2.0 2.0 28.12808
2.552804617971956 1.5400437107463132 3.0 3.0 32.07156
1.7347149314528614 1.3947566700183092 3.0 3.0 30.9294
1.6964228711637588 -0.7437618122392402 2.0 2.0 28.39258
1.8213608278853184 -0.7148791198399281 2.0 2.0 29.57564
-0.1358236857231591 -0.6781904842658817 1.0 1.0 25.82262
2.1594918888739993 3.1189785597537982 3.0 3.0 31.89084
0.690028263760826 3.4052808915826995 3.0 3.0 30.69489
1.4730775112673546 -1.8091345131396679 2.0 2.0 28.89981
2.3983550392912125 -2.789555416532584 2.0 2.0 27.76188
-2.7912492729222667 0.8484305495304095 0.0 0.0 16.19307
-3.8142474305976437 -0.08393891059240559 0.0 0.0 19.06286
-3.5756026748551286 0.17971747341412372 0.0 0.0 19.54947
0.12864913987499044 0.029386941461861823 2.0 1.0 28.61716
2.034497558803489 2.0770002236387857 3.0 3.0 31.3123
1.5306421688132348 0.5881747400102798 2.0 3.0 29.72002
1.41863267890903 -0.8465115392028072 2.0 2.0 29.48153
1.5244343181905713 0.9983200925401796 3.0 3.0 30.57294
0.701973891079892 -1.1793045302300789 2.0 2.0 28.04673
-1.7691278567411481 0.22506590595422768 1.0 1.0 27.13489
1.8980972389313358 -1.931022687469599 2.0 2.0 28.89503
-2.4377765903373065 -0.12929180197731335 1.0 1.0 25.11717
0.40791746443645893 -1.615753890590038 1.0 2.0 23.66806
2.0521967535376118 3.8834882883040627 3.0 3.0 30.34871
-3.6329871629196724 -0.1602270516743946 0.0 0.0 14.54961
-2.1826122801184034 0.684949210691848 0.0 0.0 18.43622
0.2057759324897653 -1.5655746437925728 1.0 1.0 24.26105
-3.7287984329294215 -0.4948436157809494 0.0 0.0 17.22018
-1.9621766097849103 0.3099553786428656 1.0 0.0 22.34124
-2.6969524494046166 0.18664120069676804 0.0 0.0 19.984
-0.27458010024470136 -0.4063516466465343 2.0 2.0 28.57313
0.4162826216414007 0.9173380510674419 3.0 3.0 30.59052
0.3394557331982489 -0.7057041742677375 1.0 2.0 27.27241
-3.651875899322495 1.9681385310264732 0.0 0.0 15.56574
1.8069648952272275 4.174483729038902 3.0 3.0 31.89785
1.186316243723709 2.1613443465430557 3.0 3.0 31.89947
2.064390714560639 -1.6142819465047387 2.0 2.0 28.67566
3.223237972006208 2.705901951937471 3.0 3.0 31.27971
-3.7924627672953224 1.1202248141347404 0.0 0.0 20.9823
1.1066000485344154 -0.7502342657450999 2.0 2.0 29.90159
0.9711224173743834 -0.569213306940453 3.0 2.0 30.35607
-1.5155457652885707 -0.6964425517362217 1.0 1.0 25.66077
-2.634115332253787 -1.1587437500781812 1.0 1.0 25.58366
1.718423112521434 0.9179859088830757 3.0 3.0 30.78883
0.4568534146135978 -0.35650883083403845 2.0 2.0 29.33906
1.2168266673509454 0.8837870879784181 3.0 3.0 30.82516
0.7410367494717133 0.2555065732989825 2.0 2.0 29.76027
1.152021280695035 -0.5505502314702289 2.0 2.0 27.88937
1.308279166600414 -0.6305356487787283 3.0 2.0 31.26044
1.0736522587434876 -0.2717992240087846 3.0 2.0 33.55245
1.001862289270717 -1.4795544457758332 2.0 2.0 27.97458
-2.752024867494471 0.24012550445869654 0.0 0.0 16.8345
-0.11641413280493912 -1.1121328745696368 1.0 2.0 27.1662
-0.6008953094315626 -0.5868703294952548 2.0 2.0 27.74899
1.559136589483138 -0.6728238350181864 2.0 2.0 29.06079
0.31386692955014533 1.1511996375835365 2.0 3.0 29.81688
-2.5572863749268544 0.7863924754662727 0.0 0.0 15.18776
0.22525881398104955 -1.4577683538360824 2.0 2.0 28.1397
2.227622077105601 0.2480807725122149 3.0 2.0 30.85882
-0.6157382672254076 -1.0284106371440596 1.0 1.0 27.14811
-1.4285686976146161 -1.336628360362975 1.0 1.0 25.6095
2.132881769190494 2.6195753596457947 3.0 3.0 31.67797
-2.7354166968337643 0.6783412271263604 1.0 1.0 26.70698
1.3797583620192215 0.9380859711444245 3.0 3.0 30.32075
1.1124778524930414 2.5468815702907452 3.0 3.0 30.6755
1.8153717033911423 -0.8451818111582141 2.0 2.0 28.33606
-2.8609861566714003 0.6771598970691962 0.0 0.0 16.79219
1.4254831696695958 0.566529200742911 3.0 3.0 30.28026
-3.837055656839756 0.8595051054808271 0.0 0.0 19.08828
0.00655320961137247 0.3834396867797157 3.0 1.0 31.86291
1.2490033005559529 -2.8731586000227662 2.0 2.0 28.87353
2.3731194678562995 1.3476687875216602 3.0 3.0 30.72286
-4.3668009233440115 0.9453805068893872 0.0 0.0 20.16826
-2.6984072999213136 0.18801694767382174 0.0 0.0 15.4222
2.0698220159578535 2.3015949696866604 3.0 3.0 30.45233
-2.601936264659765 -0.5063091601199468 1.0 1.0 26.08007
-2.5398132117380645 -0.28140257701297655 1.0 1.0 22.27361
1.5203187829862297 0.8054532361784392 3.0 3.0 31.17774
-2.3258854469792016 0.6980539827086402 0.0 0.0 14.2213
1.643724821088989 -1.4689532319818568 2.0 2.0 28.02822
-1.409682211030831 -0.08223339566614628 0.0 0.0 15.04292
0.16159942750114595 -4.50080683122396 2.0 2.0 29.66509
-0.20301377850004668 -1.2068122167357482 2.0 2.0 27.77712
0.2236132336239539 -1.2499941363400242 2.0 2.0 29.20881
-3.1162161762147 0.9356343884556648 0.0 0.0 16.22599
-0.1415710280451591 -0.9117487738331429 2.0 2.0 27.66168
1.1226665457722316 -1.7217739057622985 2.0 2.0 28.58469
0.9194226646782905 -2.070460267181627 2.0 2.0 28.98194
1.723527656845996 -0.6542525328302333 3.0 2.0 30.41651
-2.259774000878833 -1.2503359577975555 1.0 1.0 25.78026
1.6596884203795133 0.10907945559474826 3.0 2.0 31.35311
0.8913665537543868 -0.47389590228325396 2.0 2.0 29.89544
-3.0148201388578615 0.22580197075998504 0.0 0.0 15.61622
1.5838642486848478 -2.039225897796929 2.0 2.0 29.20029
1.3968493601011174 1.9187019123652256 1.0 3.0 23.96128
1.0376329022167632 1.735211489281445 3.0 3.0 30.36263
-1.0448443172336859 -1.8945517519464938 1.0 1.0 26.76341
1.1280072530864265 0.7363158035125276 1.0 3.0 24.29004
2.570752601489751 -0.17770014574978932 2.0 2.0 29.46227
-0.4921591222673318 -0.8069933506256666 1.0 1.0 27.296
0.9401195381014716 -2.318671566748755 2.0 2.0 28.99613
-3.549585101931899 1.0112427546701752 0.0 0.0 18.99305
0.49962642935360213 -1.2531923523241622 1.0 2.0 27.12918
-0.6725120652748042 -0.9468876684393914 1.0 2.0 23.2018
1.8119430537055088 -0.9137209729216732 3.0 2.0 30.53375
-1.8690560100206268 -0.7249331075879468 1.0 1.0 23.19483
0.8584457356941473 0.5092333411199867 3.0 3.0 30.26123
0.6289643183673586 0.18077308788563548 1.0 3.0 26.75257
-3.5317567549147952 0.9211447241619303 0.0 0.0 19.11485
1.62628568366444 -1.41031718857084 2.0 2.0 29.01192
1.5505344486507753 2.7165876191148994 3.0 3.0 30.96515
2.182474939139755 1.9653963459580748 3.0 3.0 32.05432
1.5314351953289456 -2.0660832519037124 2.0 2.0 29.78386
3.450521489514405 3.0299884704700673 3.0 3.0 32.87553
1.4335462337689497 -2.7463943109762083 2.0 2.0 28.49834
-0.7716447423442786 0.46732225148440487 1.0 1.0 26.12922
0.5815325887495146 -1.0416874013494921 2.0 2.0 27.6786
0.12396758714401464 0.2542053550292914 3.0 2.0 30.30396
-1.20172207209411 -0.26691091489269264 0.0 1.0 20.54462
-1.6526472801166094 -0.1053151320786361 1.0 1.0 26.27042
-3.26505421142549 0.48788946198796 0.0 0.0 19.97135
-0.5981597518210542 0.13601189351664242 2.0 2.0 28.20596
-1.5820504444882788 -1.3718138936213482 2.0 1.0 27.47385
1.9998439436613304 1.409140115229078 3.0 3.0 30.36086
-5.544928092454616 0.0467429567170516 0.0 0.0 17.68211
0.16683108914116013 0.4931401915753651 3.0 3.0 30.20165
1.404063244903318 -0.5110593631177484 3.0 2.0 31.8102
2.0080047789702347 0.9479901326849661 2.0 3.0 29.93841
-3.7782250873793304 0.34521492384632463 0.0 0.0 19.30884
-3.79975467353295 0.940786661219524 1.0 0.0 23.26889
1.132235376116251 -0.4324748040226048 2.0 2.0 29.83302
1.6705182727086665 -0.1658121475898638 3.0 2.0 31.93711
1.9300727032234937 0.8116552824741884 2.0 3.0 28.19145
1.690815009362625 0.8668215892800516 3.0 3.0 30.65371
0.037164781745332116 -2.161384966991542 2.0 2.0 28.67606
3.0882338744330124 2.8043599824363805 3.0 3.0 31.65931
0.473574616984523 -0.400606239729581 2.0 2.0 28.9852
0.881352989061997 -0.06438542283130738 2.0 2.0 28.53462
1.6618159522976717 0.15545881907582085 2.0 2.0 29.68913
1.976866103174457 1.431009640133287 3.0 3.0 31.80849
-1.868673631399171 -0.6905594514671444 1.0 1.0 22.40661
0.14309998765415466 0.7057772946466245 3.0 3.0 30.48565
-2.2070609844159947 0.9743516909703642 0.0 0.0 16.62917
-0.027438237195430766 -1.4090410281122865 1.0 2.0 25.53075
1.889694480204556 3.0972643547722725 3.0 3.0 31.05089
-0.03684866553809171 -0.4557514788624487 2.0 2.0 27.3476
1.4637963951549273 1.7723044634256282 3.0 3.0 30.6056
-0.38912686014716646 2.117354088256181 3.0 3.0 30.34122
-2.95529373167476 0.6488141392426163 0.0 0.0 20.93013
0.441850698477735 -1.3427064274274145 2.0 2.0 29.90183
2.2014407689169087 1.253577675339587 3.0 3.0 31.46453
1.5740480453831864 -1.5465469775237246 2.0 2.0 27.94811
-0.8706088372443586 -2.440252753290183 1.0 1.0 25.92424
-3.2305099201099137 0.18782889650414492 0.0 0.0 18.77572
0.7243365530535996 -0.6119052628705114 2.0 2.0 28.09276
-0.4139376625904575 -1.7450658356427868 2.0 2.0 29.48159
0.8946982402586792 0.18302391389740874 2.0 2.0 29.87856
2.0175562952146886 0.31336299691466446 3.0 3.0 30.96397
-1.2633922362545504 1.1482541141277758 0.0 0.0 17.30306
-0.9918042401267989 -0.36186891732559545 0.0 1.0 19.39509
1.5862661848529176 -0.8123692315322993 2.0 2.0 29.49517
-0.919396632016771 -0.8653943813569421 1.0 1.0 25.17836
-3.7103339882691033 1.1116101021883629 1.0 0.0 21.53684
1.4299657396411463 -1.0676141552203298 2.0 2.0 27.66045
1.4950813870114081 -0.8339758882274259 2.0 2.0 30.07994
-1.0496984512405665 -1.052846470920535 2.0 1.0 29.74788
-2.6555120997955894 0.5476427065659769 0.0 0.0 16.0693
1.559136589483138 -0.6728238350181864 2.0 2.0 29.29974
0.25660517785361475 -1.3082773762555333 1.0 1.0 27.14822
-1.7469086457360987 0.6065876496372951 1.0 1.0 27.14375
1.9490869287780257 -0.946299450229185 1.0 2.0 26.23861
1.159190797787718 -2.9303907888680976 2.0 2.0 28.20888
2.2624345249582563 -1.75338578176165 2.0 2.0 29.96224
1.7942078144387084 0.2807655817210522 3.0 2.0 30.31091
1.98594383851386 -1.1724823611474169 2.0 2.0 28.26925
2.5236438869955795 1.3995284343622907 3.0 3.0 34.02821
0.2564368535700088 -1.2724787640041024 2.0 2.0 29.5311
1.8860670005030933 0.39803151768147266 2.0 3.0 29.03482
0.5663644417448074 -0.8803196468991916 2.0 2.0 28.42875
2.5171468598510867 1.5289161509101252 3.0 3.0 31.76047
0.15068406202643306 -1.0920592437089367 2.0 2.0 27.79326
0.39878280592584797 -0.29675536864538643 2.0 2.0 27.9227
-3.1085652859541386 0.36372609832138186 0.0 0.0 20.27602
1.2812317315345378 3.918407727677224 3.0 3.0 31.51685
1.1035246144106925 -0.5653510289191989 1.0 2.0 26.44366
-1.4555521866371006 0.014216998973215874 0.0 0.0 14.73155
-0.08716935642693874 1.920237461331429 3.0 3.0 31.1149
-2.9124085121685597 0.48610841339925065 0.0 0.0 16.74186
-1.0505894410586647 -0.13142241867693388 2.0 2.0 28.04662
1.2468866574960664 -1.0170156445214167 2.0 2.0 30.09436
-2.5362928946497503 0.1648126289482003 0.0 0.0 15.55209
1.4586815572102425 -1.5559829732798574 2.0 2.0 28.91849
0.7649135988452841 1.7006158636715636 3.0 3.0 32.23855
1.8100549861225022 2.1503604711240802 3.0 3.0 31.18367
0.8356772340720297 -1.263200145490326 2.0 2.0 29.29962
-3.4142384020678573 0.5774521695858332 0.0 0.0 20.26148
-2.171232665963989 -0.18949660301025198 1.0 1.0 22.5818
-3.0393851895962656 0.5591836981149012 3.0 0.0 55.03481
-2.9425850873479193 0.17506304785054877 0.0 0.0 16.64336
-2.685226458248876 0.30082008516589476 0.0 0.0 19.04292
-1.3069099635184356 0.3100735588447093 1.0 1.0 21.74148
-1.3924157301828743 -0.08797776658729138 1.0 1.0 25.76934
-2.4030896036678993 -0.6921235276793997 1.0 1.0 25.11923
1.2443369937179225 0.39420569348460816 3.0 2.0 30.34807
1.4679095735802192 -0.51607710284175 2.0 2.0 28.16814
-2.795079528250058 -0.5981634039119721 1.0 1.0 22.61225
-0.9548681919707077 0.19638812028459848 1.0 1.0 23.48004
-1.969382710120118 0.17296669902126988 1.0 1.0 22.67631
1.0962522532264396 -0.7689409237043654 3.0 2.0 30.48605
-0.7045608753278739 -0.3433912682715301 2.0 1.0 27.47758
-3.5854048063634005 -0.2210010060132061 0.0 0.0 19.06226
-0.8926008572414552 -1.7433568279836211 1.0 1.0 27.02793
2.015460868559187 -0.5910399953371137 2.0 2.0 29.04325
1.6967243510649943 -1.6869214866065465 2.0 2.0 28.09007
1.7059821554545012 -0.354019873097265 2.0 2.0 28.05815
-1.022630861155072 -0.0177630119404437 2.0 2.0 27.57853
0.8250644091918902 0.3851556615270553 2.0 2.0 30.17433
-1.6961000570311304 -0.04476725284772449 0.0 0.0 14.53395
-1.0303926827190542 0.25163378888173155 1.0 1.0 22.33761
-1.6715427050270153 -0.48901967696429677 1.0 1.0 21.64698
0.7999072849623636 -1.3065758661753784 1.0 2.0 27.26784
0.3673421195887286 -2.0334437343450364 2.0 2.0 28.4845
1.2740068358328587 0.24176581755226995 1.0 3.0 25.46485
0.6785464478596184 -0.3965873312111095 2.0 2.0 27.74462
-4.026680272157458 1.4169143735851726 0.0 0.0 20.23767
1.0711918300802103 -0.780275619080006 2.0 2.0 28.08224
1.881124013648855 -1.7063377188257618 2.0 2.0 28.86915
1.2938904429672282 2.424952102947499 3.0 3.0 30.48773
1.6079230724303044 -0.9779008068092797 2.0 2.0 27.95952
-2.84543920900527 0.5813000151890694 0.0 0.0 7.70543
0.6549835808621872 -1.8293177758639863 2.0 2.0 28.19211
0.7335249932121488 0.6944638504239488 2.0 3.0 29.60963
-0.66624704907978 -0.363338828500738 2.0 2.0 28.96047
0.7558977938011988 1.3175016311200505 3.0 3.0 34.31242
-1.2911006781629628 0.3322997654264231 0.0 0.0 14.74586
1.1855535066297949 3.3117232066249067 3.0 3.0 34.99758
1.0919741999152315 -1.1075849277601155 2.0 2.0 28.03691
2.393991512143031 -1.538066249964461 2.0 2.0 29.05698
0.29910144739594896 0.6723941702403441 3.0 3.0 30.29796
1.8637279679219525 -2.005595866550114 2.0 2.0 28.71683
1.5577433990419052 0.6194727982938325 2.0 3.0 29.07703
2.2707461472567334 0.41868862291775294 2.0 3.0 27.88529
0.8587792118437224 -0.820728022707553 2.0 2.0 29.77131
1.5132094415531816 0.3880933225259847 3.0 3.0 31.22176
1.1553249914104542 -1.197995465317844 2.0 2.0 29.56699
-3.58839769179483 0.7700520077962085 0.0 0.0 16.70849
0.21207810554012893 0.5872055274161236 2.0 3.0 29.7803
-2.16811442762452 0.04157242164041747 0.0 0.0 16.61553
-0.24023557718071023 0.5735814636885622 2.0 2.0 28.53051
1.8828964356241267 0.890786176891323 2.0 3.0 29.85111
1.3691507608183517 3.133376814717588 3.0 3.0 35.45878
1.4711061015334026 -2.049397699479169 2.0 2.0 29.88234
-0.8964488747700476 0.856293349251447 1.0 1.0 25.8914
1.6745408306655412 -0.8643930915834955 2.0 2.0 29.33063
0.9841419391591207 -2.6992853595780786 2.0 2.0 29.74215
-3.0023257428926957 -0.14181175673673643 0.0 0.0 15.32074
0.9176514906903235 -2.0779761049868872 2.0 2.0 29.71177
-2.8566228190718537 -0.05593571290929338 0.0 0.0 16.87376
-2.764044253010549 0.3635495893588749 0.0 0.0 17.25766
-3.7937935115896773 0.991134718321561 0.0 0.0 17.13054
1.283846765140786 -0.9475916666275573 2.0 2.0 30.04391
1.1501789750221734 1.2576477798993175 3.0 3.0 30.68182
1.3761075114782326 2.0458197692405347 3.0 3.0 30.8929
-3.1923728727112013 0.4210800259229204 0.0 0.0 18.8642
-3.5215517896235 0.9527835791185947 0.0 0.0 20.86136
-3.0680593484897702 0.5817808407483887 3.0 0.0 42.20138
1.0590580356817367 -0.7200189949261693 2.0 2.0 28.79158
2.2784220849883368 -1.696451261956718 2.0 2.0 29.0243
2.218471987188264 2.3364305908837397 3.0 3.0 30.352
0.8859880244350457 -0.9718310904911434 3.0 2.0 30.30551
1.2369735420867929 -0.4306940460509167 2.0 2.0 29.62044
-1.2052495555849347 0.5530703018356206 2.0 1.0 27.38593
-3.4955476379605224 0.30293617989956756 0.0 0.0 9.61602
1.1797177004544483 -1.5464598047473506 2.0 2.0 29.77912
1.4499526448140947 0.7229216813061703 3.0 3.0 30.32004
0.8465752215847406 0.07928887311542854 2.0 2.0 28.57403
-1.7973153879618393 -1.122367695983039 0.0 0.0 15.54052
0.914319736428309 -0.6459404110153901 2.0 2.0 29.31779
-1.6988567199835984 -0.34508366602335394 1.0 1.0 22.53103
1.1313128607216918 0.835384665704881 3.0 3.0 31.21591
-3.0094975108411517 0.5651622085616435 0.0 0.0 18.35592
1.814761508147764 1.8073762880236095 3.0 3.0 30.27062
-1.3726071149665853 -0.3718801806670613 1.0 1.0 21.25385
2.2390933926883676 -0.7774828534248088 2.0 2.0 30.19105
-2.4365313623541076 0.2675452525016316 0.0 1.0 20.39531
-2.37527450377219 0.18865766739247247 0.0 0.0 13.67402
0.6344022211006927 -0.023508615147620714 3.0 2.0 31.05539
-3.830587191781273 0.07098934667604215 0.0 0.0 16.58808
-4.282742581166125 0.4297345238713279 0.0 0.0 14.0863
2.0493715562686106 -0.45969346660784216 2.0 2.0 29.05799
1.9305355980422545 1.6720529335070475 3.0 3.0 30.40581
2.1216084082813014 1.1291221354710743 3.0 3.0 31.1494
-0.1319991541900486 -0.42713434863131805 2.0 2.0 27.59164
-3.832516350068918 -0.13030301701491928 0.0 0.0 14.07502
1.6275665556408316 -2.8907148384274013 2.0 2.0 28.62046
0.4389911365186695 -0.8999466355700964 3.0 2.0 30.2666
1.4376800598788675 -0.9931155603109526 1.0 2.0 25.77458
-1.6251302124749594 -0.3140770014947482 1.0 1.0 25.16442
2.214480413493378 0.1468136620227411 2.0 2.0 30.0927
-2.1013171291190154 0.5387668558454412 0.0 0.0 19.97698
1.1441452734945088 0.6461765543692956 2.0 2.0 29.52355
0.5975127652046801 1.8330826089759071 3.0 3.0 32.26656
1.422110376136524 -0.5696318412651317 2.0 2.0 28.37779
2.320239557813882 2.1941590279508163 3.0 3.0 33.00483
-2.58482201596991 0.9816199829417281 0.0 0.0 20.84292
-1.0206585490118851 -1.0117068651427965 2.0 1.0 27.85217
0.46580266283109184 -0.8048120203590521 2.0 2.0 28.53123
-3.9668491724081645 1.0622601211270566 0.0 0.0 17.82581
1.2742996760377985 -3.5949596829063752 2.0 2.0 29.30203
-0.5230043183526538 -1.645739132523338 2.0 2.0 28.18856
-3.081542304428147 2.4955056933350708 0.0 0.0 16.15676
1.965015066192951 1.0546327399896924 3.0 3.0 31.22259
-2.5750046551462997 0.5082302695279688 0.0 0.0 15.11031
-1.1044046640593181 -0.11057055929780578 1.0 1.0 21.22423
1.8114419744203085 1.481789466807339 3.0 3.0 31.64105
0.23018893660355727 2.597570169673065 3.0 3.0 32.16416
1.7314788140600343 1.9565396953781575 3.0 3.0 31.50877
0.9401437858659659 1.6263056385872428 3.0 3.0 30.59079
-0.361662230401608 -0.9222044276053342 1.0 2.0 25.10259
-1.8410327284165435 -0.1292792914624442 0.0 0.0 15.31699
1.9614266218924854 1.3009355203921193 3.0 3.0 31.41132
-3.1588121499433397 0.2902253591034149 0.0 0.0 18.74101
2.2475390043258567 3.3010293246588938 3.0 3.0 31.99053
1.346231676495921 -0.5866270065167275 2.0 2.0 29.11234
1.7695469211693613 -1.4555510829284766 2.0 2.0 28.47212
-1.6623201318588754 -0.8376035170864969 1.0 1.0 26.36651
0.9097560958061026 -1.3194694964045282 2.0 2.0 28.95991
1.355416275421154 -0.16247709862241502 2.0 2.0 30.10802
3.1585171579089417 0.5141658002015674 3.0 3.0 32.09069
-1.0054186236429226 0.4490593554412642 2.0 1.0 27.60759
-1.8975505723794226 -0.06278184410042134 1.0 1.0 25.05431
0.4552951600595115 -0.01795808731141395 2.0 2.0 30.02594
0.6957711321812702 2.1536873497765003 3.0 3.0 30.78228
-0.49198582956440623 -0.9922316384396612 2.0 2.0 28.11839
-0.15179392196372288 1.7375330540197098 3.0 3.0 30.49307
0.6383120925478215 -1.7842693014090172 2.0 2.0 29.73558
2.1871454341277063 -0.022098004683126532 2.0 2.0 28.65547
-3.6508568473462732 0.8912551327763013 0.0 0.0 12.65588
-0.028795680131152027 1.9634773971548871 3.0 3.0 32.63417
1.9784302454753169 0.43878109076652233 2.0 3.0 28.89831
-0.9107842037890422 -0.24207141419681055 1.0 1.0 22.92378
0.6011962530448157 0.63874622036366 2.0 3.0 30.07003
-0.1497000452510672 -0.3244938074326967 2.0 2.0 28.2884
1.7227273806583558 2.370519351519745 3.0 3.0 31.45357
-2.0568894052081244 0.5009885074096279 3.0 1.0 42.04315
2.1260147311284356 1.8963416123296688 3.0 3.0 30.50365
1.9782795796684391 0.49428291270007063 2.0 3.0 29.7516
2.26596355355741 -1.7571595038376757 2.0 2.0 28.47088
0.13021606241292563 -0.39952868782716955 2.0 2.0 28.28292
0.6336921423228657 0.11486688526478221 3.0 2.0 31.28142
1.3397699435350172 0.23430394120712364 2.0 2.0 30.08383
1.1998978058322471 -1.577322182188574 2.0 2.0 27.88368
0.26953387435586773 0.025179460340813593 2.0 2.0 29.66648
0.19895234577535803 -1.8099708925456104 2.0 2.0 27.778
0.22361323362395402 -1.2499941363400242 2.0 2.0 29.56175
0.9220936428005313 0.12954023946969342 3.0 2.0 30.43743
1.2122024547092756 0.838361905770132 3.0 3.0 30.75651
1.5304271256621667 0.4056594051299911 2.0 2.0 28.87768
2.064517759743561 0.40006321661060074 2.0 3.0 28.44766
0.5304252552140305 0.036503055612354805 2.0 2.0 29.88828
-3.1118745500120464 3.0538042309172417 0.0 0.0 17.34896
-2.3066190685403445 0.22428182388482804 1.0 0.0 21.4762
-1.746562140058506 0.09679759779290774 1.0 1.0 23.30999
-3.547266321657476 0.38642045757378396 0.0 0.0 20.47678
0.8161647601548322 0.3658201865671165 3.0 3.0 30.70724
-0.8644109007387828 -0.16935448805165765 1.0 1.0 26.47128
0.8044862287303943 -0.5789356342110699 2.0 2.0 30.12733
-2.988652699301615 0.15810125319021098 0.0 0.0 19.66108
1.174353638533865 -1.1288690799266696 2.0 2.0 27.36695
-3.5373578430728556 1.5411535781933619 0.0 0.0 20.53289
2.2326611156717537 1.282841942687357 3.0 3.0 30.90423
1.9163236762556481 -0.6451648661737561 3.0 2.0 31.25786
2.2181411908282187 -2.1227788875046825 2.0 2.0 29.7495
0.4079174644364596 -1.615753890590038 2.0 2.0 29.23933
-1.3664377295954646 0.5241930338031737 1.0 1.0 26.02452
2.450134426906473 -1.5953442627928462 2.0 2.0 29.428
0.6383120925478215 -1.7842693014090172 2.0 2.0 29.76939
0.15624816671185202 -0.04320230939616469 2.0 2.0 28.02165
-1.5979980209380906 -0.6407941957212221 1.0 1.0 26.414
1.5680498104938076 1.5230481524890964 3.0 3.0 31.19237
-0.5738362435189798 0.48874888606254635 2.0 1.0 27.90673
2.131838437379993 3.0508283267152154 3.0 3.0 31.06832
-1.1505187358412718 -1.0121364471290348 1.0 1.0 25.40881
1.072379839633918 -0.8717160400959998 1.0 2.0 26.13418
1.149190071765645 -1.6441836263344525 2.0 2.0 27.87132
2.0099393803562053 0.9664210474350707 3.0 3.0 32.25285
-1.244324480156182 -1.6791428263427874 2.0 1.0 27.46662
-2.7097352430813206 0.6967724504247821 0.0 0.0 15.39683
0.554210625917427 -0.48926646230229603 2.0 2.0 30.17511
1.2204130207505686 0.16600934338803353 2.0 2.0 30.09785
0.8614669948507978 -2.4275418757660714 2.0 2.0 28.32877
-3.0737481255424304 0.003283574831398794 1.0 0.0 22.78517
2.3254523289772826 -1.4266659937442787 2.0 2.0 28.74161
-0.09803441519646841 0.3318683843115456 2.0 1.0 29.9274
-0.9675793595764125 -0.30256066829722034 1.0 1.0 26.44709
-1.281279934066526 -1.133094592811242 2.0 1.0 27.416
2.3930389885573713 1.0802221645461796 3.0 3.0 30.56807
1.4002207055427744 -0.26554624670710547 2.0 2.0 29.4569
-0.18868050378605772 1.1061892547739176 2.0 3.0 27.55289
-3.4521007637565333 1.4203769538480748 0.0 0.0 18.37208
-3.0133342586361986 0.7476288914775346 0.0 0.0 19.50172
-3.929392000391395 -0.4721939136808207 0.0 0.0 18.43339
2.9269407801114213 2.304269715894057 3.0 3.0 33.10464
2.771511597166008 4.134744069584767 3.0 3.0 32.67425
2.1100128144300747 2.053723398785219 2.0 3.0 29.50083
2.065339298587252 0.0350125927208418 2.0 2.0 29.15417
0.896201043220953 -0.10525908747618251 3.0 2.0 30.84138
0.8716778733166419 -1.7051892021444077 1.0 2.0 25.85459
0.5163775511089337 0.7698446482394299 2.0 3.0 27.54242
0.6244380828041628 -2.634099966278131 2.0 2.0 27.3744
1.0087011914262873 0.17587660301601296 2.0 2.0 29.91298
0.349672381869913 -0.28028173262364964 2.0 2.0 29.36578
1.3641882650544936 1.8421577521870207 3.0 3.0 30.26387
-2.5995455815289708 0.537374786456324 0.0 0.0 15.57574
-3.463072523118152 1.2491762365274464 0.0 0.0 12.19444
-0.3463129437098013 -1.7016588849632717 1.0 2.0 27.24948
1.1478248151165367 1.516172619950434 3.0 3.0 31.47856
-0.4786313315213969 -0.5390824153489208 2.0 1.0 27.88676
1.9761970088623955 1.5609878311785048 3.0 3.0 32.42141
-3.2443052326654045 0.9370283703223051 1.0 0.0 21.48427
1.5807050153773865 -1.4934725380146987 3.0 2.0 31.17651
2.549512280649295 -1.7261562184564991 2.0 2.0 29.97926
-3.2226867894792672 0.3722013678546568 1.0 0.0 21.95361
-1.466514143418119 -1.0963884175927632 1.0 1.0 23.27114
-0.9478244938097856 -0.4745987633764633 2.0 1.0 27.79621
1.3449488859587257 0.6688851634167605 3.0 2.0 30.73112
-1.203819601093331 -0.7292290732865458 1.0 1.0 26.77803
0.16471860986558864 -1.748658080612071 2.0 2.0 28.76796
-2.586032322506567 0.12285667699870179 1.0 1.0 25.81404
3.3737231688332456 1.4064887328058502 3.0 3.0 30.99876
-0.45281400087434115 -0.17829719903268368 1.0 2.0 26.85979
1.4312580529174497 0.5716687739633396 2.0 3.0 30.02224
0.8465752215847406 0.07928887311542832 2.0 2.0 29.23792
1.176855566799244 1.9559184357878456 3.0 3.0 31.65077
-1.5241215024297874 -1.3556287076816322 1.0 1.0 24.2072
0.8654966594070734 1.6473816938761197 3.0 3.0 30.26447
1.850149453922196 -0.5668484703807906 2.0 2.0 28.78481
-1.8134730722096308 0.6365068211730474 1.0 1.0 26.85136
1.4847436598838093 0.2522146557863618 2.0 3.0 28.33834
-2.6774383002166733 0.8466532038496682 0.0 0.0 18.76698
2.005994068103991 2.205732674059805 3.0 3.0 30.86036
-3.1161345278350594 0.12262073814730962 0.0 0.0 19.44217
0.6249757482713799 -0.11330291156156619 2.0 2.0 28.31314
-0.07036599127382548 -1.4762968824142746 1.0 1.0 26.88697
1.3583990519110964 -2.529101295495082 2.0 2.0 28.97595
1.723527656845996 -0.6542525328302335 2.0 2.0 29.58655
0.24603564676274156 -0.030568455663849532 3.0 2.0 30.70665
-0.9548681919707075 0.19638812028459893 1.0 1.0 27.08731
-3.127778599033539 -0.8000113020006849 1.0 1.0 25.59826
2.509089138645064 1.8125978500119688 3.0 3.0 31.17985
-3.5516617751322044 0.8712170430113549 0.0 0.0 16.73265
2.174998118008817 3.4380305331745875 3.0 3.0 30.22511
-3.0089027196347193 -0.2105446909211322 0.0 0.0 19.07289
-2.229134364469492 0.0025117904575945225 0.0 0.0 17.77609
2.0434132111703645 0.49105912328927587 3.0 3.0 30.81754
-0.9154972210080988 2.5360708169289286 0.0 3.0 15.91093
-1.1367100369870013 0.6385515947658321 1.0 1.0 22.17526
1.7100237587055467 0.7426759432501275 3.0 3.0 30.51784
0.38942046253403795 -2.0419905455433365 2.0 2.0 30.03698
1.677898900454157 0.6612913029665608 3.0 3.0 31.07413
-2.19187864363657 0.5600155521284436 0.0 0.0 17.23525
1.5631154430486416 0.6508548345275909 3.0 3.0 30.41848
0.2995774001441779 2.030127004817772 3.0 3.0 30.23675
0.34642220206397406 2.105502673958091 3.0 3.0 32.25265
-0.8777973413707973 -0.06770930337956216 1.0 1.0 23.9351
1.7654498353114636 0.09712182361378358 3.0 3.0 31.21074
0.8716778733166421 -1.705189202144408 2.0 2.0 27.32351
1.980607924780226 1.3929873382484395 2.0 3.0 30.00357
2.3831323154557484 1.2222929690364 3.0 3.0 30.94116
-3.6712174297141362 0.5873790205624148 0.0 0.0 20.61826
1.6824844521035673 -0.296454994215341 3.0 2.0 30.24734
-1.1224190869261406 -1.3113496275490948 1.0 1.0 25.71033
-0.5988878359263885 0.5759212281364646 2.0 1.0 29.49171
2.2483286650717287 -0.8326718665239002 2.0 2.0 29.51132
1.511998992536605 3.5909932377603453 3.0 3.0 33.14551
2.2920214206968708 4.165823444664367 3.0 3.0 32.8346
1.5112277580156794 -0.1478700459680388 3.0 2.0 30.36776
-1.0587536841122276 0.8236660199107534 1.0 1.0 25.24416
-1.947597887189943 0.06444343300741437 1.0 1.0 26.46229
1.3055701050297859 0.9015985033296386 3.0 3.0 30.5122
-1.3425931093412375 -0.2471755799990521 0.0 0.0 14.78119
0.3413776176754787 1.3980090052432785 2.0 3.0 30.09471
2.087958557320372 0.09005873490046122 3.0 2.0 30.49296
1.4506229232225398 0.7146495692870201 2.0 3.0 29.85405
0.47624812189388877 -1.6092155557819432 2.0 2.0 27.81268
0.13944322104901055 -1.0784802300784262 2.0 2.0 29.88638
2.051657377039834 0.3772065477207248 2.0 3.0 27.77934
1.6085398163975562 0.5817485050073842 2.0 3.0 30.05421
1.8560166759749384 -0.8414106604831697 2.0 2.0 30.07423
1.8636881084528352 1.4684491975806775 3.0 3.0 32.38865
-0.525139802650237 -0.9510419266768995 1.0 2.0 26.86917
-1.2131863171200936 -0.947380521636799 1.0 1.0 27.25501
-2.0276490834252314 0.7096909016361593 1.0 0.0 21.86957
1.2466745322466157 2.3538073056654945 3.0 3.0 31.83142
1.2466993169025795 1.1745280854676057 3.0 3.0 30.76842
0.4174910775943606 -1.6817023013804264 2.0 2.0 30.13924
-2.388007022487068 -0.03911006776862818 1.0 0.0 22.59954
0.6182389056206712 0.001056597955437898 2.0 2.0 29.93864
1.6823161716096442 2.2811466624787164 3.0 3.0 31.13399
1.2636930600233496 -0.9728119608952509 3.0 2.0 30.69461
0.9147468584681876 -1.001907525731767 2.0 2.0 27.87662
0.9537752956687173 -1.0161319685048227 2.0 2.0 28.83597
1.2032892022220318 1.3765738058966999 2.0 3.0 29.9633
-1.251156877786742 0.7103121407249516 1.0 1.0 23.87377
1.6966951648201933 -0.5334564320147828 2.0 2.0 28.34845
0.3394557331982491 -0.7057041742677376 2.0 2.0 27.62203
-2.104865045744463 -1.2344302898829116 1.0 1.0 25.5065
0.6126976897008259 -2.2611625406305427 2.0 2.0 27.79446
0.4486469843570383 -0.4391646114649359 2.0 2.0 27.8672
-4.185742306876976 0.3867468474509026 0.0 0.0 19.46889
0.013104701667838517 1.5381239042578991 2.0 3.0 29.99186
-0.09881870231564863 -1.2881767160404556 1.0 2.0 26.25253
-1.2131630027104838 -0.09615253906249024 1.0 1.0 23.8939
-1.9149864770832452 0.057961968944277985 0.0 0.0 16.2153
-1.8680418837667372 0.40757938635436 0.0 0.0 19.48174
0.6143728028423999 -1.122833541494286 2.0 2.0 28.46366
-1.0503323376169067 0.6626987959364767 1.0 1.0 26.79677
-0.21220681652530177 0.025091044881306673 1.0 1.0 26.12587
2.725828046938957 0.7703940993818635 3.0 3.0 30.82649
1.38945680053538 -1.716445216173042 1.0 2.0 27.24916
0.5580087037178341 -0.4103368504387742 2.0 2.0 27.40015
2.657954270338475 -1.85972553732887 2.0 2.0 30.14297
0.4253638365533843 -0.47925445331017447 2.0 2.0 28.36649
-2.047492351773311 0.2652370052835433 1.0 1.0 25.62541
1.0886826081964474 -0.530231714792437 2.0 2.0 29.52984
-1.2887761997464333 -0.7945490526999687 0.0 1.0 20.06681
1.6227973440980838 -0.5831967490284515 2.0 2.0 29.84143
0.4313536952929898 0.8096955284227954 1.0 3.0 26.91052
0.5903243457428451 -0.04508042843867043 3.0 2.0 31.13332
1.1583682816892462 -0.3301962132818398 2.0 2.0 29.33462
-2.480071570276563 0.2473261392380412 1.0 1.0 26.46913
0.0972426085473407 -0.7558593835198302 1.0 1.0 25.98584
-1.8422618164431424 0.030149944668326552 1.0 1.0 22.32129
-0.5564651431003165 0.3460673479487248 3.0 2.0 31.16536
-2.0900950059256878 0.16010788176314694 1.0 0.0 26.40395
1.1584563648790152 -1.2250476897010383 2.0 2.0 28.24705
1.3700221720294707 -0.23834719646357921 2.0 2.0 29.97909
0.4929549818849172 -0.9353760042782305 2.0 2.0 29.91078
0.6074197660028582 -1.2615210538822483 2.0 2.0 28.01362
0.17032229592182538 -2.25169386726715 1.0 1.0 27.2785
-3.2969574168744464 -0.23323951230985862 0.0 0.0 17.21955
-1.3869799249664947 -0.23035632434334816 2.0 1.0 27.51598
0.12076388090762703 -1.7057874004935032 2.0 2.0 30.03156
-1.354997679553051 -0.6738293673538596 1.0 1.0 24.50208
0.3834716056238601 -1.62906453751899 2.0 2.0 27.52644
-1.2323991752858605 0.5625838327566256 1.0 1.0 22.50587
0.4767362313694044 0.19203960189436722 1.0 1.0 27.15647
-3.157413847967972 0.8515486253769602 0.0 0.0 18.9583
-3.2885254873126946 -0.25067822001209117 0.0 0.0 14.41459
-3.411873285834874 0.04267834328647765 0.0 0.0 15.10024
-0.005707243291927161 -0.6778096806536227 2.0 2.0 28.96735
1.1970502429592478 0.15533946825657025 2.0 2.0 29.90266
1.1703983439142236 -0.2791014629493463 2.0 2.0 30.07948
0.7584605446020376 0.12370530036842176 3.0 3.0 30.84258
1.8725613651748931 -1.9248607708062768 2.0 2.0 28.74076
0.5798800888972734 -1.007120469537196 2.0 2.0 29.46797
1.095468151918039 -1.0508090565369876 2.0 2.0 28.00577
0.4891699886171363 -0.7780618187946314 2.0 2.0 30.16315
0.6384762670229629 -3.3503022053710434 2.0 2.0 29.15495
2.5502918853273253 2.129463544972112 3.0 3.0 32.01572
0.92693837545238 0.1445330937414636 2.0 2.0 29.78706
0.330525586856867 -0.5177860775123947 3.0 2.0 30.89825
-3.1231246823107655 0.409043665950959 3.0 0.0 51.54515
0.734401550335937 0.3500336487943677 3.0 2.0 30.29974
1.9475526779036014 0.16221877318615396 2.0 3.0 29.26804
2.377991236847943 0.8385245120798022 2.0 3.0 29.87255
-0.5214240674681253 -0.5563009803941856 2.0 1.0 28.1193
0.5570954810303601 -0.19419363989960825 3.0 2.0 31.54338
1.2225594251375875 0.4012633289712943 3.0 3.0 30.53301
-3.8431398913441654 1.7074712690812095 0.0 0.0 17.82439
-3.26352007820488 0.45133410004922764 0.0 0.0 20.57662
2.94567455065005 0.21745217030805175 3.0 3.0 30.34391
-1.0646434520666643 1.0635978539450233 1.0 0.0 26.23457
-2.4067383176586836 -2.0510554714194495 0.0 0.0 18.17324
-3.3369002081602077 -0.5270597661765889 1.0 1.0 24.8494
1.6195759313948976 1.268760619551928 3.0 3.0 30.37492
1.1892150788772649 -0.5040561525743666 3.0 2.0 30.59371
1.8558321675271259 0.6878140879636402 3.0 3.0 30.34899
0.3839290847107815 -0.3140675681962876 2.0 1.0 27.78413
-1.4068346533358136 -2.799580394575652 1.0 1.0 26.07465
1.3647227078957544 1.547013884290338 3.0 3.0 30.41013
-1.8255440470665676 -1.0667834334440527 1.0 1.0 26.40341
1.1703983439142236 -0.2791014629493463 3.0 2.0 30.26399
0.27315934233781486 0.9178336785465883 2.0 3.0 29.42291
1.619899208179655 1.700530334998536 3.0 3.0 30.38982
-0.8090944954865585 -0.5437136975288775 1.0 1.0 27.29227
1.3910855954490156 -2.490695945250817 2.0 2.0 28.65888
1.2608398242814276 1.1861067828395009 3.0 3.0 30.65246
-0.34491780553700346 0.758784009197752 2.0 2.0 29.14381
-2.9691522882052888 0.1606248514053888 1.0 0.0 23.45869
1.3455137389087675 2.3606446735457363 3.0 3.0 30.57872
1.6408234281139658 1.5307831993310497 3.0 3.0 31.81053
0.6877327921020702 -1.747807581671724 1.0 2.0 27.10449
-3.0733538919668866 0.3193323645556577 0.0 0.0 20.04333
1.625625596062789 -1.2779833919015984 2.0 2.0 27.87842
-2.911398799022321 0.1997008645330016 0.0 0.0 20.16229
-3.743771088706134 0.30298970178167756 0.0 0.0 19.3706
-0.21218781365614872 0.6712433071142259 1.0 3.0 26.68561
-2.97938966352939 -0.6453802115611669 0.0 0.0 19.6189
-0.8759493597070251 0.2690688401103872 1.0 1.0 26.52788
1.6517115324184333 -0.780166117660846 2.0 2.0 27.63697
0.12798769707255478 -1.5046916310073652 2.0 2.0 29.74583
-2.9952073105987664 0.19067029568467614 0.0 0.0 19.75918
3.4208095617072907 -0.4099731588609227 2.0 2.0 28.44349
1.1365223077686646 -0.4351975726448535 3.0 2.0 30.54238
-3.261084538131506 0.5572878050364771 3.0 0.0 31.16776
2.3385788475490736 -2.0883515608420025 2.0 2.0 28.35649
-2.5497642382396855 -0.740906511425204 1.0 1.0 26.13547
-3.4026002568153926 0.5034987042656205 0.0 0.0 18.225
-1.1788251096181783 0.19604932846024048 1.0 1.0 24.00649
2.5629841099129322 1.6446184600660043 3.0 3.0 30.67476
-3.040879697195994 -0.22768004903478634 0.0 0.0 16.04779
0.6623146486286934 -1.252126890835696 1.0 2.0 27.27979
-2.7591146755165545 0.4394395696319903 1.0 1.0 24.86831
0.6809381290891265 1.3518913753393071 3.0 3.0 30.29659
-3.0353565306123174 0.5158618004119871 0.0 0.0 19.11546
1.9913835756625073 3.1993989690027647 3.0 3.0 31.3166
1.8642723644802177 0.7958161986137192 3.0 3.0 30.44623
0.0370475728679093 -0.31614034267739166 2.0 2.0 28.14515
1.5075163686471083 -0.5511087491156812 2.0 2.0 28.60239
-0.5409541665870334 0.18404937126638612 3.0 1.0 30.4021
0.17119877619265234 1.015032953902673 2.0 3.0 30.17061
1.249243986135926 -0.2602183010483522 2.0 2.0 29.81501
1.362134765054695 -1.7151809942457268 1.0 2.0 27.12933
-1.4643796270130256 -1.7256480289338578 1.0 1.0 27.23375
1.2873446704028728 -0.34977332263994215 3.0 2.0 30.6225
0.1569236115270748 -1.3173886353091107 2.0 2.0 29.54728
1.167961637991358 -0.3915897520455707 2.0 2.0 28.99829
-0.5401711804963465 0.06521675201409118 2.0 2.0 27.41553
0.5356589301765458 -0.3052466470772286 2.0 2.0 30.14766
1.58944658807904 -0.10518370944204275 2.0 2.0 29.69986
-2.3680532671273076 0.662531843214093 0.0 0.0 16.46308
0.4073036240355585 -5.023861515755195 2.0 2.0 27.93623
1.6064153426585421 -1.961723699375107 2.0 2.0 29.25998
0.05882908259792796 -0.5675978311722601 1.0 2.0 26.83185
-1.7410240725501627 0.06665473508667259 3.0 1.0 50.08888
-0.04269132560434284 2.6913550864741915 3.0 3.0 30.7814
0.5797082379046811 2.1306206149017526 3.0 3.0 31.18849
-2.197298630816257 1.6687218082948077 1.0 1.0 23.49677
-1.7238021048616166 1.1694641481136523 0.0 0.0 20.10291
-1.1580833320142032 -3.0225458220228565 1.0 2.0 26.68242
-3.4232506449886073 1.2430307920051251 0.0 0.0 19.61855
1.3599432836782686 -0.760809310414293 2.0 2.0 28.28403
2.5988253099641248 1.11536706257298 2.0 3.0 29.88695
2.1504611647329614 0.013052511562732714 3.0 2.0 32.00399
-1.0781644803948986 -0.059721093993001 1.0 2.0 26.75714
1.525198892734385 -1.8463015008110881 2.0 2.0 29.44827
-0.7720118878286641 -1.1517582531958075 1.0 1.0 25.81607
3.1256897938487316 3.2689258510333703 3.0 3.0 32.02851
-2.138443443536753 0.02932792200722245 0.0 0.0 20.61075
1.5794785983218358 -1.076022097196961 2.0 2.0 29.03814
0.1460161744781807 -1.276843418434587 1.0 2.0 26.99017
1.021897001643454 0.37443437354319115 3.0 3.0 30.48711
0.7562936687323581 -0.7559802240416079 1.0 2.0 26.7202
-0.7006640792333078 -0.8139722224532544 1.0 1.0 26.75594
-2.660047416124153 0.9647443961871279 0.0 0.0 18.39555
1.1606314808185243 -0.7354508474126392 2.0 2.0 28.60477
1.2386193360948512 -1.058023900801591 2.0 2.0 29.49855
-2.4495374457842587 0.6135627458638002 1.0 1.0 23.09093
-0.3989673964965115 -1.1261560439746245 1.0 2.0 26.61796
-2.3653821097172067 0.7182819664954694 1.0 0.0 23.00025
1.1874588591063189 -1.5355814109343853 2.0 2.0 27.91683
-3.3835634929069998 1.2446160316997863 0.0 0.0 19.77658
2.1769859544196395 -0.27736870563063 3.0 2.0 31.62258
1.7015330498236154 1.546107177769941 3.0 3.0 30.4972
1.3555784612309698 -1.9028264074818082 2.0 2.0 28.97886
1.421774527933828 0.09538240526506062 3.0 2.0 30.66053
-4.4954534863998425 0.6620575200599212 0.0 0.0 20.06908
-2.7016948717584865 -0.6697934656757272 0.0 1.0 17.43161
-3.3915996971945104 0.16042681554352867 0.0 0.0 19.94188
0.00650722640247871 -0.6604006978746952 1.0 1.0 26.06269
-0.05149261969237925 -0.7835526988446113 3.0 1.0 34.27599
-0.16465912364861096 -0.8945341265467538 1.0 1.0 26.04003
-2.90587388713222 -0.24969329643580349 1.0 0.0 23.88998
-1.0389828611909526 -0.563633611249626 1.0 1.0 27.21579
-0.8141010615261314 -0.378326366848576 0.0 2.0 20.20896
-1.6491935326237461 -0.3112277474055697 1.0 1.0 21.53025
0.9819228043940771 -1.690287247285869 3.0 2.0 32.45751
-0.4392050800988361 -0.6781417338339124 1.0 1.0 25.31692
0.6801267562506312 -0.5386819772478865 2.0 2.0 27.31917
2.0645177597435604 0.40006321661060074 3.0 3.0 30.70261
-3.634645084574325 0.2650651011280971 0.0 0.0 19.31057
1.6217993470017458 -0.4323445097848456 3.0 2.0 31.29665
0.5798800888972733 -1.007120469537196 2.0 2.0 27.77942
-3.3674340493123114 -0.05883483887479089 0.0 0.0 16.07317
1.6124101290243482 -1.6659720883447302 2.0 2.0 29.55297
-3.2458791782587384 0.5135037764709831 0.0 0.0 14.43576
0.7283081403870232 -1.709229582808543 2.0 2.0 28.88223
-3.293658701934159 1.2838491111958399 0.0 0.0 19.9751
1.5691876075773552 -1.0396070921084781 3.0 2.0 30.88766
-1.4553886065392108 -0.004698477984657628 0.0 1.0 20.80068
-2.9691522882052888 0.1606248514053888 1.0 0.0 23.09049
1.9721019563155318 0.7926754502152256 3.0 3.0 30.62396
1.4034292127576893 -0.13544436368192028 2.0 2.0 30.04885
-2.8648430810647674 0.35764062489435217 0.0 0.0 16.30766
0.6012935603423945 0.3906768501083977 2.0 2.0 30.13817
-1.1049319345643003 -0.8602001642258482 1.0 1.0 25.5655
1.6432895595619963 -0.6615969141725212 2.0 2.0 29.65253
1.2884293843814127 -0.0882679970069087 2.0 2.0 29.86132
-3.401458254454424 1.8109529117955288 0.0 0.0 19.92045
1.236703316836892 -0.38502400655873914 2.0 2.0 29.24101
-2.277649248944242 -0.11586070012709927 0.0 0.0 19.07908
-1.4058957597431259 0.07792988315143584 1.0 1.0 27.29997
-0.6320186637843702 -0.35536836502616853 1.0 1.0 26.05127
-1.08827219710593 -0.6251132896176342 1.0 1.0 26.08974
-1.8377027677740176 -0.08291006993800633 1.0 1.0 21.20111
0.05133357706314681 -0.4429091661778054 1.0 2.0 25.19729
0.8049456752176369 1.7406991536371197 3.0 3.0 30.71459
0.6199437145140441 -0.6246498207130624 1.0 1.0 26.30772
1.4448932509588448 0.5191606684880685 3.0 3.0 30.58842
1.371713482230145 -0.6089900187142859 2.0 2.0 27.7343
0.7857168753486014 -1.2587433284413132 2.0 2.0 28.81941
0.5885115121027001 -1.594966121690081 2.0 2.0 27.61927
-1.462571809405119 -0.2301633317297049 1.0 1.0 25.3759
-3.1266443168840166 0.19325298752798198 1.0 0.0 22.18981
0.6245105902607518 -2.2782917086575782 2.0 2.0 28.8577
-0.8373730398560232 -0.24844147067493697 1.0 1.0 27.10797
-3.092206421440815 1.2749343386443186 0.0 0.0 18.50359
-1.4485556750627577 0.5507609830245127 1.0 1.0 25.54632
-2.4205629258233996 -0.4438467324338005 1.0 1.0 21.80478
-2.163392570307973 0.22246210633854988 0.0 1.0 16.80132
0.7126993788197848 -0.26621547120167494 2.0 2.0 27.89286
-1.4641741977264373 -0.27954753808531013 1.0 1.0 24.83642
0.9323384993852837 1.6177250500800453 3.0 3.0 32.05935
0.46391419825642616 -0.3286500170458164 2.0 2.0 29.55464
4.205487656093733 2.4889136517214934 3.0 3.0 32.50108
0.9220439141793053 -1.9499588685838352 2.0 2.0 29.26921
1.0831159842968925 -0.4689120265530415 2.0 2.0 28.92328
2.2507211182268554 -1.5435723755959148 2.0 2.0 29.59874
0.680389645207034 -0.1647782161072162 2.0 2.0 29.82075
-1.5948347420853761 -0.9409322049496871 1.0 1.0 24.52298
1.8720944766849954 1.0444516349875381 3.0 3.0 30.32268
0.9974615146182777 1.8261667781135578 3.0 3.0 30.36955
-0.07674162873422143 -1.1342105130222468 2.0 2.0 27.47386
-3.307726395094181 0.05700147050902651 1.0 0.0 21.77229
-0.28660802560886445 1.2526754983724369 1.0 3.0 22.39678
-4.186409929717926 0.5384383492139331 0.0 0.0 20.48323
-2.390910517729428 -1.0271428264927673 1.0 1.0 25.10461
-0.45204849814878045 -2.6338754438823773 2.0 1.0 27.54836
0.0819528158349872 -1.1350421841947689 1.0 2.0 27.04273
1.6480030089895756 1.644243730683704 3.0 3.0 32.19116
-4.162294552886062 2.348899325019065 0.0 0.0 19.80191
2.6086723787447412 2.4189477955880263 3.0 3.0 31.05018
1.788153927744056 2.9149350682158 3.0 3.0 30.22075
-0.615744703830338 -3.7368150454802707 2.0 2.0 27.48308
0.7419330715326721 0.24485845098414538 2.0 2.0 29.83976
-2.024073016529049 -1.7130028118913823 1.0 1.0 27.02779
1.120467202489697 -0.5287954680240968 2.0 2.0 28.7504
-1.539539324425195 0.9998118606049311 1.0 1.0 26.15242
-1.7433581031292384 1.0413343750039952 1.0 0.0 21.6623
-2.511597901583301 -0.749474526937078 1.0 0.0 22.29727
-1.0629948464939807 0.4358666860699491 0.0 1.0 20.95511
1.1571751692021315 -0.07334385906321596 2.0 2.0 29.45774
2.0493715562686106 -0.4596934666078424 3.0 2.0 30.45183
-3.865556972125429 -0.251263089665297 0.0 0.0 15.04253
-1.3452017794755615 1.3901500077705728 1.0 0.0 22.1855
-1.6771921173916033 -0.8480748625555637 1.0 1.0 24.25779
-2.77150438185482 0.4299082605919397 0.0 0.0 21.04997
1.943250115638263 1.253793796270261 2.0 3.0 30.17321
-3.2336473811477098 0.111565885314306 0.0 0.0 17.53247
-1.6902255931840457 -1.09834682562657 1.0 1.0 22.03889
1.591854851863211 -1.191275942511575 2.0 2.0 29.74946
-3.1438901000319963 0.5146470170400189 0.0 0.0 15.52365
0.3552406163946195 -0.9998360852055916 2.0 2.0 27.34669
1.5480245471699232 -0.293171505228074 1.0 2.0 24.86222
-2.1029585685405476 -0.6193898900623357 1.0 1.0 22.23469
2.3535164989793405 1.669277013512458 3.0 3.0 30.90057
-2.7753830894828475 0.5590981920001543 1.0 0.0 23.61434
-0.38769866669406 0.1191652221849793 3.0 2.0 30.31043
1.3223860662816966 1.9445469141942935 3.0 3.0 31.50155
0.5011514866476602 0.9152646464170979 3.0 3.0 30.51599
-1.7135817133181384 0.10208808955746561 2.0 1.0 27.86564
0.8779175405683012 -2.2933715444123193 2.0 2.0 28.4658
1.7397226007252728 -0.6526027287050292 2.0 2.0 29.20127
1.7084726824316414 -1.314772930268329 2.0 2.0 30.07967
-4.461026521445881 1.7639112920893474 0.0 0.0 19.68392
-1.788036712799187 -1.136345898303524 1.0 1.0 25.31583
-3.4005173271974614 1.2244972271029064 0.0 0.0 19.30901
1.8476547184426317 1.0692187948851075 3.0 3.0 30.44248
1.096036342775382 -1.3700056410388026 2.0 2.0 28.75242
0.6181408217132216 -1.3807254269848477 2.0 2.0 28.67848
3.368464509981857 4.245797875702827 3.0 3.0 32.24832
0.5796759561448627 -0.7364214207653224 2.0 2.0 30.01778
-2.367046283575479 0.3650755983191687 0.0 0.0 18.55114
-3.6468723780212637 1.515757628630863 0.0 0.0 19.96086
-3.522769652361358 1.3442714673896832 0.0 0.0 19.05172
1.0236463244088083 -0.3452793483583834 3.0 2.0 30.38062
0.19140688456241256 -1.1863121572068493 2.0 2.0 29.8023
1.9393802702794005 1.4818846301073816 3.0 3.0 30.85202
1.115454981828165 0.8775859439233249 3.0 3.0 30.47764
-0.503911226223309 -0.9269918854697362 2.0 1.0 27.51479
-0.3112617670238716 -0.8788033537957599 1.0 2.0 27.29454
1.092984812906222 1.6335469704523753 3.0 3.0 31.17085
-1.0330233541423268 -1.0204961676462458 1.0 1.0 26.76527
0.20875742802474356 -0.6863252541324567 3.0 2.0 30.6992
2.0961976459272575 -1.6882077338828665 2.0 2.0 29.85453
0.9888247851295013 -1.049567626755099 2.0 2.0 28.96283
-3.483111649795542 0.9138137627649775 0.0 0.0 19.30408
0.7923476349140798 -0.8113809837538115 2.0 2.0 30.09838
2.2209416094031527 1.0952044461657866 3.0 3.0 30.76912
-0.7922395449952081 -0.9135528885075178 1.0 1.0 26.25767
1.8549284983496581 -0.6041552178142205 2.0 2.0 29.57085
-1.8200917885456518 -0.14534390458001445 0.0 0.0 17.54872
-3.1948228179648535 0.22091844388568 0.0 0.0 21.08625
-0.3193577212637023 -0.06158212835309518 1.0 1.0 26.39051
-1.699493329887777 -0.39910373261875065 1.0 0.0 25.49882
-4.220561365579038 0.6104499270139987 0.0 0.0 19.78068
-1.9912607247281564 1.9403350170231985 0.0 0.0 16.70526
1.330339127635698 -0.37066479063816327 2.0 2.0 29.18442
1.444943269675025 -1.9409347559288386 2.0 2.0 28.27137
0.7701039173430508 2.401774122768331 3.0 3.0 31.31579
1.0935345974767985 1.27685238790531 3.0 3.0 31.03497
-1.608490723855139 -1.7770354615462185 1.0 1.0 24.66166
1.0421837808044072 -2.0726602521528665 2.0 2.0 29.48325
-2.79340745049386 0.015725268722865053 1.0 0.0 22.37532
-2.311097992708939 -0.4126262340561734 0.0 0.0 17.40868
1.651236848976644 -1.1568905817635908 2.0 2.0 29.55752
2.069696535261711 -1.6763874519612343 2.0 2.0 27.62032
-2.2606234490637895 -0.3117575853238934 1.0 1.0 25.38393
-1.4117008269162306 0.33091089043312755 0.0 1.0 21.071
1.7771135981959367 -0.03920542433409628 3.0 2.0 30.61786
-2.5494182119217994 0.4593130404324466 1.0 1.0 23.19402
-1.0595076365517673 -1.5274461538977597 1.0 1.0 26.12008
0.8685826778259724 -0.5588457742272166 2.0 2.0 28.35073
-2.0399882241271667 0.9803303422382946 0.0 0.0 16.59724
0.6103568989214196 1.173692201232826 2.0 3.0 30.00863
-2.756958271692232 -0.22282467212036042 1.0 1.0 25.00393
2.262434524958256 -1.753385781761651 2.0 2.0 29.89215
2.455151406348689 1.2872481470555674 3.0 3.0 33.00675
1.8331877830962466 -0.4515047663628844 2.0 2.0 29.46982
1.1670766486298014 -1.6370846008435471 2.0 2.0 28.26013
3.876719504922141 -1.6503920964615464 2.0 2.0 29.06558
0.7138046677447681 -0.8138342646989973 2.0 2.0 30.17973
0.7191725489721501 -2.1504698388219725 2.0 2.0 29.68244
-4.111273629166427 0.5576753483642781 0.0 0.0 14.34183
1.595633517041402 1.6659547095158063 3.0 3.0 32.23149
-4.0294473310404 0.39681236271006703 0.0 0.0 19.47278
1.5373801103225346 1.0894029632561597 3.0 3.0 30.90717
0.6580118190722809 -1.2496724827575731 1.0 1.0 26.42148
0.09188422318349591 -0.25391397370567725 2.0 1.0 29.73974
2.7898304266882916 1.504182207362222 3.0 3.0 31.37254
1.4296938180475485 -2.1292673829938407 2.0 2.0 30.04143
-1.536434572700101 1.1036539990876284 1.0 1.0 25.77976
1.4101706797979319 0.31614221721708746 3.0 3.0 30.5819
-0.06372988806662343 -0.6140689804873646 1.0 2.0 26.77339
-4.182568950223165 0.7972262546629363 0.0 0.0 20.35563
2.276449660651692 0.3188547367695878 3.0 3.0 30.56065
1.9721019563155318 0.7926754502152253 2.0 3.0 29.9483
2.6338595458364216 1.928431261803581 3.0 3.0 32.68523
0.8870803439360813 -2.0169098445232594 2.0 2.0 28.71123
1.7152292748979578 0.8720723413718199 3.0 3.0 30.74032
-2.805981794484443 0.759311227679069 0.0 0.0 16.74443
-3.1200138215966517 1.215802312183833 0.0 0.0 15.41706
1.3746535382962823 0.9924590758888119 3.0 3.0 31.20544
-0.17906730113799033 -0.7244937852771995 2.0 2.0 27.5339
-3.4730083394864373 -0.8114041090499015 1.0 1.0 23.42282
-0.2050081481196586 -0.005924470318877763 2.0 2.0 28.19822
0.6637809019981399 1.674252448229782 3.0 3.0 30.34358
-0.33423499902108283 2.8899603192702137 3.0 3.0 30.20079
1.2642272463403919 -0.9397730546276521 1.0 2.0 25.91785
0.3343199766128405 -1.3287331144747776 2.0 2.0 28.38174
1.1789959833751245 -0.7843167474597722 2.0 2.0 28.64759
-3.604417369453231 1.1483033470391222 0.0 0.0 19.78403
1.8222122757314476 2.266171463259968 3.0 3.0 30.58493
0.7773138726631035 -0.8992681762321758 2.0 2.0 29.13756
1.1169654077100253 -0.3168060654536676 2.0 2.0 29.64431
1.4387289853417378 -0.7000858535429542 2.0 2.0 28.7649
0.9093070334973183 0.31643640799124745 2.0 2.0 29.74144
-1.5912945659561994 -1.705254450113533 1.0 1.0 26.22936
-3.6359899536442124 0.5759396980333586 0.0 0.0 20.09365
2.232477186681614 2.634214427687889 3.0 3.0 33.9118
1.2705621228658983 0.9657784293478565 3.0 3.0 30.61348
0.15960262982800852 -0.3356129732716288 1.0 1.0 26.28548
1.5053700910060404 1.852121789419787 3.0 3.0 30.35093
-1.6203161758155118 -0.1674816257828008 0.0 1.0 20.58143
-1.8715574202540974 0.06981583693434708 1.0 1.0 23.71023
-4.602089938326437 0.5263075655102729 0.0 0.0 18.34917
1.682898318741613 0.800729235200263 2.0 2.0 29.94184
0.06957357107052352 -1.3614129637922239 2.0 2.0 28.59599
1.444152365926389 -1.9409328733649882 2.0 2.0 28.51045
-1.685046859455855 -0.22777121001450565 1.0 1.0 25.31667
-0.5568940843983107 -0.635254851618251 1.0 1.0 25.67773
1.2471926619742582 -0.9868756857158852 2.0 2.0 27.80774
-3.7589790032997876 1.0047040013260464 0.0 0.0 15.25684
-2.712595645103107 -0.5454581015935596 1.0 1.0 23.84853
1.7534127145286602 0.9131966333623729 3.0 3.0 30.78561
1.6432895595619974 -0.6615969141725221 2.0 2.0 30.16824
1.2548671548312975 -0.5862441574952482 2.0 2.0 30.09501
1.297424822931825 -1.2707041716144198 2.0 2.0 27.78537
-0.41589382930767105 -0.7335779926104578 2.0 2.0 27.91489
0.22106837538881002 1.096532942591166 3.0 3.0 31.196
-0.803783790904963 -0.029385199818856 3.0 2.0 30.77657
1.7333511290249153 2.74278016332075 3.0 3.0 31.65521
0.46947586889565185 -3.325976363295275 2.0 2.0 30.08987
2.5181322586284716 1.9685276942687457 3.0 3.0 30.21684
0.06613707075841241 -1.134203712689018 1.0 2.0 26.67022
1.8300405974958536 1.3618144257778064 3.0 3.0 31.28534
2.095646965225347 -1.3851441536662796 2.0 2.0 29.90141
2.291903782476093 0.46518379038081953 2.0 2.0 30.11144
1.6977167424418924 0.49442933572136877 3.0 3.0 30.31578
0.05265414230962165 1.0163745564870397 3.0 3.0 30.7926
0.7057449072471419 1.4061532497560314 2.0 3.0 29.82997
-3.336955171404908 -0.05485454867308214 1.0 0.0 21.26622
-0.8113958642928385 -1.2790294613021842 1.0 1.0 26.36509
0.9261802901611985 -0.4747030807613351 3.0 2.0 30.55362
0.6189442530115001 -0.5969694570561777 3.0 2.0 30.20679
0.6183640483011511 1.702665389404666 3.0 3.0 32.38011
1.4892472661916787 -0.4068129958610862 2.0 2.0 27.4205
2.2759558630556067 -2.300289768180425 2.0 2.0 29.55802
0.9321684541568406 -1.4107161974317166 2.0 2.0 30.13554
1.922369560822636 -0.8543362414066443 2.0 2.0 29.32004
1.346231676495922 -0.5866270065167272 2.0 2.0 28.65187
1.3849682144523137 0.10300037740416257 3.0 2.0 31.15639
-1.1632346689666304 -0.08935947209464633 1.0 1.0 22.61318
0.8027238342291474 -0.44786464496485384 1.0 2.0 26.05062
0.14255417356893282 0.4950406332160519 1.0 3.0 26.80104
1.0288654956003853 -2.7917600772679982 2.0 2.0 29.98265
0.9061230682317526 -4.677652768349238 2.0 2.0 28.2904
-0.0008080861600286483 -0.49319015521983645 1.0 1.0 27.02424
-1.9392810835127126 -0.7205126189984798 1.0 1.0 25.27699
-3.9640343551742845 2.4529512992715916 0.0 0.0 17.75979
-2.9072935590954834 -0.0024352830931289233 1.0 0.0 21.28351
1.7647985148829144 0.5203448490495419 2.0 3.0 30.12202
-2.2223319473405936 0.27200796773937735 1.0 1.0 26.9715
0.15845990565882345 -0.47137512873029563 2.0 2.0 27.87032
2.216774863924668 0.9421130159265678 3.0 3.0 31.759
-1.7152726564752536 -1.7114642740492052 1.0 1.0 26.82317
2.4121349508449796 2.2225946940175767 3.0 3.0 31.0428
0.6104383073036121 -0.13384831594082547 2.0 2.0 29.58864
-3.647392205188632 1.247293818143313 0.0 0.0 17.90676
-2.826771468953347 0.02429660174410063 0.0 0.0 16.76825
2.572921812648887 -0.33197235379740675 3.0 2.0 30.66091
3.259457501927041 1.5438531381994078 3.0 3.0 31.63809
0.45342335675145257 -0.7634113315852513 2.0 2.0 28.95226
-3.2507586067795935 1.3378338646736292 0.0 0.0 20.63803
2.0894655214006614 -0.31194414918413055 2.0 2.0 30.14589
-1.8201018208391486 -0.5068322813267517 1.0 1.0 26.54572
-2.7843371585110397 -1.5679578130197693 2.0 1.0 27.58113
-3.355114782613059 -0.36561824085767836 1.0 0.0 26.40038
0.4169272777939299 -1.827732130392468 1.0 2.0 27.25104
0.22552970098993652 -1.25659112810358 0.0 2.0 20.95176
-0.7275512442968421 -1.0268982816232006 1.0 1.0 26.42656
-1.494716580004012 -1.1672651664402462 0.0 0.0 17.26265
0.13143943652941056 -0.848116855102163 1.0 1.0 25.95357
-0.350376418324031 -0.5081946447551049 2.0 2.0 27.97619
1.611636411299455 0.4547290846151422 3.0 3.0 30.59286
-0.8203990108222291 -1.6367403300688037 2.0 1.0 27.89383
-3.889026465984281 2.50489656352024 0.0 0.0 19.01208
1.369441089408973 -0.19824380106495276 2.0 2.0 27.56332
1.9894023272047219 0.3175737809579176 3.0 3.0 34.33634
-1.0781644803948986 -0.05972109399300111 2.0 2.0 29.55384
1.589288775510578 -1.6450166759281295 2.0 2.0 27.6365
0.3627525592596803 -1.050929840181551 1.0 2.0 26.58864
-2.7737410440100305 -0.3229573138034556 1.0 1.0 25.82117
1.5314351953289453 -2.0660832519037124 2.0 2.0 29.14361
1.5233473730824485 1.912494801198 3.0 3.0 30.43681
-0.14428369281679607 -1.2445429337509741 1.0 1.0 26.06121
0.5059742814652487 -1.1670787626602925 2.0 2.0 29.03515
2.217158903611477 1.176523218569468 3.0 3.0 30.29512
1.4150985350164158 -0.7129618533103131 2.0 2.0 30.07412
1.4390255836848698 -0.7640872905059108 3.0 2.0 30.84718
1.5988807364414002 -1.2407497237579723 2.0 2.0 28.4383
-1.3595747610339775 -2.983983461735938 1.0 1.0 26.41224
0.5972980659422631 -2.0720399875628455 2.0 2.0 27.94159
1.3515837627194827 3.1201816257933737 3.0 3.0 31.03448
-1.9646956618929474 -1.4193388548933625 1.0 1.0 21.18087
2.026452966509929 -0.4486710382849769 3.0 2.0 30.26026
0.35880999136880404 -1.7172884945133815 2.0 2.0 29.11092
2.7933367093987975 3.0694811000041935 3.0 3.0 31.88405
-1.2087433285719564 0.6834238443405892 1.0 1.0 22.97077
1.4688305987382004 1.1218703990782504 3.0 3.0 31.14563
2.2551666208428647 -0.2524280987997311 2.0 2.0 29.17572
-3.7805422766918646 0.8998069566914173 1.0 0.0 22.10823
0.8206338344139199 -0.011312424356725703 2.0 2.0 28.45855
-0.17348579128652689 -1.1039391593081267 3.0 2.0 30.20773
1.8880299994258933 -0.3036509278850854 3.0 2.0 31.25097
2.1947984979282347 1.9872125708125221 3.0 3.0 30.77672
1.10587539734223 0.6089262005847135 3.0 3.0 32.71999
-2.1985767898428477 0.6409521908590532 1.0 1.0 26.90356
-2.6853881019351227 -0.3123979838747355 0.0 0.0 9.46387
1.1045969193911434 -1.323565824991343 2.0 2.0 27.98337
-1.3002191228524993 0.7843185692392374 1.0 1.0 22.01379
1.8170603472843017 0.01891671140310408 2.0 2.0 30.15616
-1.6235915289113714 -0.2830961823679794 1.0 1.0 22.02491
-1.347656368266728 0.31280010887074866 1.0 1.0 23.48024
1.3034921026756365 -0.9222878453531671 2.0 2.0 28.41909
1.0184268465349744 -2.7357820732974547 2.0 2.0 29.03617
1.1253146740985138 -1.16990503260621 2.0 2.0 29.47379
1.1579930121353283 -1.0131457656015967 2.0 2.0 29.59319
-0.6958147206263827 1.2475882140344 3.0 1.0 30.65679
2.5599131516852647 2.345625185498964 3.0 3.0 31.69912
1.247203877373751 -0.06608236155606823 2.0 2.0 29.0822
-2.2711015506453758 -0.5932931638663307 1.0 1.0 23.89934
-2.160030842967339 -0.5719589650326413 1.0 1.0 26.55866
0.12021708202732156 0.4843264682562191 3.0 2.0 30.53559
-0.17523354400141902 -0.27599695249907846 2.0 2.0 28.94447
-0.0032918451530490733 -1.1459031302469456 2.0 2.0 29.14056
1.3303497978172043 0.3803653750333615 2.0 2.0 29.75029
0.9087078112649898 -2.1200259424373136 2.0 2.0 28.98213
1.49218732994196 -0.4021445012268152 2.0 2.0 29.32679
1.512001322391888 3.771724998443114 3.0 3.0 33.21079
1.6152082024294228 -1.0373570582476976 2.0 2.0 29.86201
1.5545697594592185 0.3515131821880582 3.0 2.0 31.43704
2.44388952343488 1.1958026044384704 2.0 3.0 29.21954
2.468232573567035 0.5535777324238011 3.0 3.0 31.08609
-3.2584395866301077 1.0876723166730822 0.0 0.0 20.95784
1.2055144191295237 -2.1577580102282203 2.0 2.0 29.20678
1.5480245471699232 -0.2931715052280739 2.0 2.0 29.19331
1.3983830349895183 -0.7953948717365268 2.0 2.0 28.13091
-3.58042315302296 0.15831513342265618 0.0 0.0 18.9348
-1.3816083604931118 -3.133552444125224 1.0 1.0 26.51382
-2.738645992724377 -0.5932051603800417 1.0 1.0 23.66808
-1.9056226843053428 0.35362830587750693 0.0 1.0 20.95371
1.1300625856817563 -0.07080175607742559 2.0 2.0 28.02333
0.7865797583733641 -0.32698229885326485 1.0 2.0 26.25608
-0.6763259125325604 -1.108354224932867 1.0 1.0 26.10468
1.579478598321836 -1.076022097196961 2.0 2.0 28.83843
-2.4552457664114407 0.14921818486854915 0.0 0.0 15.76101
-0.45083503118973856 -0.8200362611170062 2.0 2.0 28.13293
2.018763735909427 -0.5821301202692819 2.0 2.0 30.10355
-4.482364175580698 1.3575438521584047 0.0 0.0 19.81905
0.9363636489843616 -0.39089418910611645 2.0 2.0 30.03575
-2.9937432331558114 1.0456168088813715 0.0 0.0 21.05055
2.063610631426568 3.38869688875214 3.0 3.0 31.10075
1.3980000938723471 -0.0052754120115743475 2.0 2.0 29.06103
-0.336060414784097 -0.7579904660531258 1.0 1.0 27.17932
0.981233817785011 2.9083075541665027 3.0 3.0 32.05503
-3.5330557653046233 0.6461855426524837 0.0 0.0 18.98076
-0.7437605787439298 -0.8228149966020276 1.0 1.0 24.15901
-4.2489584837171375 1.714271957732243 0.0 0.0 16.17501
1.8705032050587396 2.900237537549007 3.0 3.0 30.76902
1.0184268465349744 -2.7357820732974547 1.0 2.0 26.7258
-3.2842347355696204 1.4404835443766275 0.0 0.0 18.10933
2.921520875134489 1.6000990595444524 3.0 3.0 30.56695
1.773780153806779 1.747901080749954 3.0 3.0 31.75304
1.3541628323353692 -2.0031801873230055 2.0 2.0 30.15357
1.5810963909500544 1.4329470040294794 3.0 3.0 30.77266
-2.399738582541472 -0.7517563842980213 1.0 1.0 22.99192
-3.7179597875142365 0.6495911785487675 0.0 0.0 18.88273
-1.3097666704811461 -1.6480232256735328 1.0 1.0 27.02179
1.2202776371609532 1.5761246739830461 3.0 3.0 30.28321
-3.322721857824318 0.948102919365626 1.0 0.0 22.40708
-0.29270848874291594 -0.7400175800994673 2.0 2.0 29.14551
-0.545925827174517 0.8472697811702706 2.0 2.0 29.35981
1.0098560354892665 -2.6124658570862636 2.0 2.0 27.4697
1.4950169463805119 -0.6250905392194305 3.0 2.0 32.15718
-0.6156802519623531 -1.026182881293485 1.0 2.0 27.20264
-1.1187360022799262 0.062166888808230826 1.0 1.0 22.97261
0.744478828626484 0.30777763051717694 3.0 3.0 30.31385
2.0267614365899997 -0.9017376628043879 3.0 2.0 30.53738
-1.5426220727486009 -0.505822686240544 1.0 1.0 26.80474
2.5052781729468028 2.3839818650860596 3.0 3.0 30.57136
0.8993650792139287 -0.4040009457236288 2.0 2.0 29.42373
-2.900030684923356 0.5722791046449216 0.0 0.0 15.24112
0.7844697610293777 -1.297568486533313 2.0 2.0 29.34312
-3.6699999661693106 -0.5610366822394234 0.0 0.0 14.26994
-0.8048726344520851 0.6916350981830095 3.0 1.0 30.21878
-3.2259143957070955 -0.02172289403781762 1.0 0.0 21.82865
-0.2545652632916145 -0.3924482889631035 2.0 2.0 28.18409
1.2595109731785257 -1.9023340839919538 2.0 2.0 29.0955
-2.349567463169169 0.8194893431412776 1.0 0.0 23.29966
-4.350692341356233 -0.09549635889134607 0.0 0.0 17.04626
-0.07217508947478256 -1.0963825283287876 1.0 1.0 25.75289
2.2992313530233925 0.8934833542071737 3.0 3.0 30.65985
1.6437248210889894 -1.4689532319818568 2.0 2.0 30.08184
-2.0236517588237812 -0.8621820763905822 1.0 1.0 24.88667
2.278205328120738 2.758553698228069 3.0 3.0 30.77346
1.497025877062657 1.1815176392046547 3.0 3.0 30.46336
1.0372831370695514 -1.79593370204804 2.0 2.0 28.56921
-2.2394987400918756 0.20056725105303527 0.0 0.0 19.65059
0.7846901713992134 -0.9379996681422258 1.0 1.0 27.27952
2.1371279218024966 1.2241022751938135 3.0 3.0 30.8291
-3.1845356886685123 -0.685036114528979 0.0 1.0 18.79732
1.5057300197814891 -2.727875637043921 2.0 2.0 28.70424
2.2617706953505134 -0.7986400317685751 2.0 2.0 28.48935
1.3881387706051087 -0.8584520544161517 2.0 2.0 28.34544
1.372055015776381 2.2249340090921663 3.0 3.0 32.0726
-4.372148816910261 1.1896677847838784 0.0 0.0 15.50905
-2.710496732613394 -0.3287034989145029 0.0 0.0 15.96689
1.8884090836120317 -0.246669527541974 2.0 2.0 29.23436
1.3839407563957258 0.4163288953773358 3.0 2.0 31.44252
-2.838505107757839 -0.1525644317053535 1.0 0.0 22.90072
2.4344704990500454 1.7006407816958236 3.0 3.0 31.92961
1.4695661258756747 0.3318295189202558 2.0 3.0 29.52905
1.2102438873666446 -0.47696371507207574 2.0 2.0 28.44466
2.6840424331875115 -0.8502304564742984 3.0 2.0 30.58329
-0.28263233129589244 -1.1241159719904334 1.0 1.0 25.32107
-2.294448931149566 1.8480435693032364 0.0 0.0 16.81746
-0.553456857854581 -1.68006388249122 1.0 1.0 27.04066
2.353498033302942 -2.780512257027296 2.0 2.0 29.34169
0.7242600608372852 0.9731263699218134 2.0 3.0 29.54475
0.954333588214144 -0.7031254181783545 2.0 2.0 27.99056
-0.6211790924691146 0.049352153382150446 1.0 1.0 27.23523
1.9817876191508088 0.4135283648247948 2.0 3.0 30.15387
1.1931985410650723 0.010790839630723992 3.0 2.0 30.51639
2.3864547328846566 2.243809944427509 3.0 3.0 31.58283
-2.963540026100168 0.7332304332711076 0.0 0.0 14.89507
-1.712856884482531 0.822756084088044 1.0 1.0 22.81439
-0.8775119444657113 -1.1175963605460677 1.0 2.0 23.90121
1.371069872491299 -1.3609835881303705 2.0 2.0 28.50912
2.1781105762255586 -1.1925772082996529 2.0 2.0 28.34815
1.4513404311771785 0.7305979062463626 3.0 3.0 31.29044
0.4174910775943604 -1.6817023013804264 2.0 2.0 29.50113
0.8330676129430972 -0.8545785443442567 2.0 2.0 30.09196
-1.290716906314837 -0.012936165972053887 0.0 0.0 12.26604
0.7915055345468526 1.3198614066894163 3.0 3.0 32.32833
-2.5744500118056677 -0.26440784023058606 1.0 1.0 23.18965
-4.079235992297173 1.2574868057594566 0.0 0.0 17.63591
1.6994607446354957 -1.811204104308788 2.0 2.0 30.00389
1.8838729162982517 2.8391829138536497 3.0 3.0 32.49493
-0.37087021484366073 1.1612189811256306 3.0 3.0 30.44734
1.2085490864565729 -2.202832386015174 2.0 2.0 28.13195
1.061266403627619 0.6699565507224805 1.0 3.0 27.2906
2.4851336060561464 2.2369270649590467 3.0 3.0 30.51889
2.740728533657621 1.9935402967385014 3.0 3.0 31.08713
0.5743570270643059 -0.6147210019437007 2.0 2.0 28.8241
-0.5571953814625336 0.7431798083510175 2.0 2.0 30.04904
1.8746719993036118 0.5127374465484037 3.0 3.0 31.07006
0.5283173836934566 0.537913385519826 2.0 2.0 28.02852
-2.2730022210923173 0.5511637986418103 0.0 0.0 16.10912
1.847240089315219 2.439005784960966 3.0 3.0 31.45324
-4.168632849678128 0.16545344479986046 0.0 0.0 18.94352
1.7239708057477543 0.6927521910587426 2.0 3.0 28.60523
1.2532485988286794 0.6481038495457564 3.0 3.0 30.78994
-0.2715493495338709 -2.2817892574731324 1.0 1.0 27.14264
-2.6397209916527826 -0.5170367990002079 0.0 0.0 18.58738
0.6982321225694518 -1.2372982413434992 2.0 2.0 27.3266
0.19140688456241223 -1.18631215720685 2.0 2.0 27.98791
1.1875435037057296 1.008854252179104 3.0 3.0 30.62395
2.3899080129472536 1.2007007761105262 3.0 3.0 32.52671
1.705801503124312 -1.7618315126974682 2.0 2.0 29.63741
-1.1178260490923004 0.096966647017782 1.0 1.0 26.71794
0.4968942135091164 -1.4549921995825152 2.0 2.0 29.75861
1.8968999600002654 2.5692901118082387 3.0 3.0 32.22459
-0.2722021804765686 0.1418574056547797 1.0 1.0 25.84466
0.410284484494603 1.6042766396297812 1.0 3.0 26.79571
-3.011503643701083 0.7072525455181855 0.0 0.0 20.2717
1.0012242497668027 0.6160386804780579 3.0 3.0 30.50563
-2.655844862759713 0.29828299164481825 0.0 0.0 20.80928
2.0161571453115115 -2.1086164674316894 2.0 2.0 29.24476
-2.4173166056402655 -0.11224184332121116 1.0 1.0 24.94301
1.9339115321369942 0.3558167358618009 2.0 3.0 30.06067
2.1462245659699546 1.5412746631952765 3.0 3.0 30.65609
2.1974788086894645 -0.11601430982023161 2.0 2.0 29.68883
0.9176514906903233 -2.0779761049868877 2.0 2.0 30.12681
1.1131759140654036 1.1927161704725389 2.0 3.0 29.5202
0.06995596620123118 -2.1375053153304684 2.0 2.0 28.7762
0.7568545939524497 -0.7279061875990691 2.0 2.0 28.87433
1.5774636309278416 -1.0788550297720376 2.0 2.0 29.23253
1.6705198549515574 1.2203054449056743 3.0 3.0 32.09452
-3.1113062175084454 0.23974457827864043 0.0 0.0 19.28025
0.5025516872367352 -0.8055732326681985 2.0 2.0 28.2782
-1.9496237283846551 -0.23256737552323578 1.0 1.0 26.9985
-3.709066960702025 1.0847851872803556 0.0 0.0 18.51875
1.7257158471164293 -1.3063662768668443 2.0 2.0 28.06129
-1.3071326848938192 -0.8585480299506419 1.0 1.0 25.84419
0.8116821065142266 -0.9649058260694033 2.0 2.0 28.74124
1.5447936848232842 1.2454903127043038 3.0 3.0 30.27932
-4.595769853615511 1.3489003043318728 0.0 0.0 19.94153
-0.9357392458160909 -0.12307882900549755 2.0 2.0 27.73787
1.2075666320591634 0.9873171966954438 3.0 3.0 30.42758
1.3949626258958796 2.1524334833185956 2.0 3.0 28.00035
1.4540038053213393 0.25281470906319614 2.0 2.0 29.95703
1.7505605268027162 -1.117961303993148 2.0 2.0 28.39579
-0.35688267246999394 -0.41644797698796066 2.0 2.0 29.68406
-1.0655071686220854 -1.2737089382277824 1.0 1.0 26.63841
1.9304823528539836 -0.9661010950486589 2.0 2.0 30.05582
-2.9228113771903903 0.12017666305202138 0.0 0.0 20.21405
0.3145336825581258 -1.0497211938363131 2.0 2.0 29.2735
0.9017264286455596 -0.7227713643974729 2.0 2.0 29.28157
0.6245105902607518 -2.2782917086575782 2.0 2.0 29.15062
2.3872131118145963 0.7652146051811721 3.0 3.0 30.61103
0.7615305700387929 -1.5397654872731417 2.0 2.0 28.0899
2.2946570598349116 2.2403194312913373 3.0 3.0 30.71153
-1.1515981063537157 -0.5265550963001615 1.0 1.0 25.4398
2.0720220754561893 1.21047252181214 3.0 3.0 31.31463
-1.212435251208935 0.4617232767810524 3.0 1.0 31.25584
-2.84279764473642 0.24637045660429582 1.0 0.0 22.97149
1.6331710241221926 0.48586671531783027 2.0 3.0 29.64513
1.5180768158112632 0.3591727382994805 2.0 3.0 28.76506
0.6094029280298797 -0.6945717319221065 2.0 2.0 28.66705
1.705801503124312 -1.7618315126974682 2.0 2.0 29.2512
-3.0601640905671816 0.2694982720944647 0.0 0.0 15.95085
0.12813802467606475 1.3705572878634475 3.0 3.0 30.30869
0.3842613214722016 1.8801147876326618 3.0 3.0 30.72583
3.2140693709957606 2.6015790085618558 3.0 3.0 31.79099
1.0501148266197702 -0.057272361730473856 3.0 2.0 30.30878
0.8884986306695271 1.816687714988256 3.0 3.0 30.32542
2.0940021369584896 1.8561413417795831 3.0 3.0 32.83156
0.7930868560140684 0.30391019307064837 2.0 3.0 29.91756
2.794475957273066 -1.4684626341537974 3.0 2.0 30.55368
0.19655899977623062 -1.0914625185165907 2.0 2.0 27.73977
-2.6128518802549436 0.39239107299771614 1.0 0.0 23.66349
-2.530901661726522 -0.53619500446222 0.0 0.0 15.23955
0.891366553754387 -0.47389590228325396 2.0 2.0 28.36296
-1.986103271808248 0.4566906497737705 2.0 0.0 28.47898
2.4828406329982227 3.7102120046347866 3.0 3.0 30.9473
1.8046332212895417 1.487867763475871 3.0 3.0 30.45808
-2.8684050331526354 -1.676087183649989 1.0 1.0 24.86338
0.5619914925398367 -1.8669684512150868 2.0 2.0 28.51904
1.980281337789595 2.4661495221881826 3.0 3.0 31.21193
-2.6368890234266016 0.5149119082853122 0.0 0.0 13.75938
-2.422698140692575 -0.5948129707191107 0.0 0.0 15.93467
-0.8169479745961813 1.6884719133792145 0.0 0.0 18.54436
-0.8700326520559822 -0.8239073382949117 2.0 2.0 27.45835
1.4883653762047202 2.916482467912996 3.0 3.0 30.51286
1.160934078049862 0.3504589042886606 2.0 3.0 29.80009
2.047416421285135 2.5352876229863486 3.0 3.0 30.41798
-2.400115494296848 -0.3259487414190906 0.0 0.0 13.37981
1.2224362068236427 0.2421456200480308 3.0 3.0 30.61504
-2.2124022022600847 -0.03721311925863494 1.0 1.0 21.40262
-0.6563298847017895 -0.703368335328996 1.0 1.0 25.8642
2.240389073338353 0.3726187324281207 3.0 3.0 30.29919
0.49524528212774865 1.2977204863559104 3.0 3.0 32.16288
2.4991292314002935 0.4884764510437533 3.0 3.0 30.36069
-2.970487610158781 1.0525420915873078 0.0 0.0 20.65856
2.1319096596824707 0.23006315724984183 2.0 3.0 29.39311
1.1054821313993257 0.1925764536373272 2.0 2.0 30.12139
1.2437447923913811 -1.3781912958276978 2.0 2.0 27.63945
0.9829417858640446 0.7095065659619721 2.0 3.0 30.16202
0.15625812163763544 -2.2637944719010963 2.0 2.0 29.07042
-0.3378237468990619 -0.02574849724255913 1.0 1.0 27.14603
0.230520784948559 -0.4653935734309843 2.0 2.0 29.35473
1.5303981940660216 -0.7148750584151963 2.0 2.0 30.1323
-3.0829480401296347 0.2765133423109053 0.0 0.0 19.28055
0.030437192273146917 -0.17922619501033726 2.0 2.0 27.79178
-0.525139802650237 -0.951041926676899 2.0 2.0 29.86907
1.0669596570900908 2.766746982061322 3.0 3.0 32.43122
1.722643407689512 1.9492614258234227 2.0 3.0 29.82062
0.988024498726578 1.4902868883630083 3.0 3.0 30.90916
-0.5114352627704561 0.2855414795840641 1.0 2.0 22.88043
-1.4038378587448355 -1.4222178204659923 2.0 1.0 27.85356
1.5926708372698297 1.0585197767401808 3.0 3.0 31.05616
1.6264177014726486 -2.984934099204923 2.0 2.0 28.89047
-3.2978844189015533 -0.9498319910709344 1.0 1.0 23.16012
-1.5155457652885698 -0.6964425517362212 1.0 1.0 25.90335
-0.02923387286042555 0.12644407557053813 2.0 2.0 29.87462
0.2078573964503003 1.397604027980137 1.0 3.0 26.72909
1.6645829342608083 1.9066923654752932 2.0 3.0 29.75342
-3.3997632824701394 0.8550729855981429 0.0 0.0 20.36991
2.043002425086686 0.6004015652189422 3.0 3.0 31.92101
1.6928090217269263 -1.3835203207934803 2.0 2.0 28.3388
0.06995596620123086 -2.1375053153304693 2.0 2.0 28.74405
-1.0496984512405663 -1.0528464709205345 3.0 1.0 30.22932
0.5015457126228205 1.260644529265495 3.0 3.0 30.93306
-2.977431955197078 0.7661401041875543 1.0 0.0 22.8818
1.4561557698221324 -1.2299347458005185 2.0 2.0 28.89547
1.477376327606141 2.034322709488241 3.0 3.0 32.4862
-1.3544658090946204 -0.5520064755322553 1.0 1.0 25.38431
1.5286139155559837 -0.7689766962580027 2.0 2.0 29.57522
-3.5897501014431668 0.6838190692787603 0.0 0.0 19.62016
1.209602183750947 0.6441428454110946 3.0 3.0 31.14809
1.0736522587434878 -0.2717992240087846 1.0 2.0 27.16001
0.4891699886171362 -0.7780618187946312 1.0 2.0 27.18058
0.7878838166832268 -2.248648950102051 2.0 2.0 29.1845
1.5969654023436002 1.876852754350236 2.0 3.0 29.88323
1.9730251419192864 -0.06672294456933771 2.0 2.0 29.8907
-1.9350611678396992 0.08976869200181781 1.0 0.0 22.3195
0.08621536269243799 0.9228708448214313 3.0 3.0 31.80316
0.8211682631377943 1.006711904440628 3.0 3.0 32.28542
2.485179200685854 0.25774273592380503 2.0 3.0 30.05348
0.7191725489721501 -2.1504698388219725 2.0 2.0 29.08153
1.2374751028102058 -1.3229701898543422 1.0 2.0 27.17807
1.8125377818123127 -1.5176032488434508 2.0 2.0 28.6187
1.1549058437324815 -0.6512576516031625 3.0 2.0 30.32527
-3.010962579752169 0.00327674692821868 0.0 0.0 19.66748
0.7011191790267757 0.46886806147190874 2.0 2.0 29.85057
-3.054842302510153 0.21390565327391142 0.0 0.0 20.54741
1.136390003853498 0.9335410423199496 3.0 3.0 30.49693
2.156071967973886 0.34130268514770934 3.0 3.0 30.77801
-0.004279450208633237 -0.26288414537659016 1.0 1.0 26.94886
2.174705682188642 -0.17636576118825725 2.0 2.0 30.08277
-1.475134228306014 -0.1709957373010782 1.0 1.0 21.56054
1.2374751028102058 -1.3229701898543422 2.0 2.0 29.92001
1.0579684486965129 0.3636444788412615 2.0 3.0 28.55345
0.1331283457885086 -2.046688346184124 2.0 2.0 29.76274
-1.7676539999388403 -0.5258507840382549 1.0 1.0 26.42687
1.8954554614209618 1.7233667274473414 3.0 3.0 30.68665
1.8725099902968356 -0.0160025165516337 3.0 2.0 30.47328
0.5776057226057322 -0.29953660873827587 3.0 2.0 30.71645
2.270746147256733 0.41868862291775316 3.0 3.0 30.48376
-1.0164807312871518 -0.613133450572771 1.0 1.0 24.81598
1.1744970146564575 -0.6412129934716038 2.0 2.0 29.67232
-1.0372996207548515 -0.723730185813391 3.0 1.0 41.66646
0.41858025276563604 -0.9470554675658365 2.0 2.0 28.02541
-3.8610066014291635 0.3578038995894871 0.0 0.0 19.21126
1.600637292340546 -1.1795470690941001 2.0 2.0 29.96841
0.881352989061997 -0.06438542283130738 1.0 2.0 27.06179
0.037164781745331964 -2.161384966991542 2.0 2.0 29.15166
-2.7746378135064242 0.5889024749427948 0.0 0.0 15.56178
1.9223736106333582 -0.11054623129203606 2.0 3.0 30.12413
0.3317676337866673 -0.9918531074338188 2.0 2.0 28.44895
1.2636930600233496 -0.9728119608952511 2.0 2.0 27.62459
1.7125547665465704 -1.7758631682980064 2.0 2.0 29.5327
-1.4032223379458248 -0.09782835338433431 0.0 0.0 18.43728
0.33058778203333306 1.2756392503584417 3.0 3.0 30.2117
0.7452628689163834 -0.1313318748332807 2.0 2.0 29.71648
-0.35181692246751106 -1.4713461714242861 1.0 1.0 25.96149
0.5251459148303462 -3.060134354039862 1.0 2.0 26.82405
1.6591470672536113 -0.029653040662186884 1.0 3.0 26.59892
-3.696882976877368 1.584010672498809 0.0 0.0 19.60449
0.4737981173355915 0.795033143529655 2.0 3.0 30.13174
-1.216085934717196 -0.20315847353042832 1.0 1.0 26.3068
-4.360823324460115 1.3093533008530354 0.0 0.0 19.69938
-2.285354749864687 0.41624863371735 0.0 1.0 18.69328
-2.540016699381774 0.1332247797511337 0.0 1.0 20.32051
-2.1180039864125497 0.6181581285295273 1.0 0.0 22.25025
2.2026422041441376 2.3268586539166756 3.0 3.0 30.65692
0.9625586477423902 -3.072315743437778 2.0 2.0 28.40372
-0.35500250839611736 -0.2886290260813207 1.0 2.0 26.87093
-2.040475927133687 0.9872719851732777 1.0 0.0 21.85666
-2.3867524053120417 0.07359425048376866 0.0 1.0 16.14885
0.07448679401674728 -2.0087926441464874 2.0 2.0 29.1066
-3.0013688690242963 1.560049331476755 0.0 0.0 20.7441
2.751330150254411 3.235103813055983 3.0 3.0 32.48734
-3.1251447522467797 0.35733006452867344 0.0 0.0 19.92846
-0.7166508432070628 0.5863517280070405 2.0 1.0 27.45094
1.140397180644702 -0.24573348890153307 2.0 2.0 28.69095
2.0376698957718773 -0.6527965111312288 2.0 2.0 29.8016
-3.2865281834287834 0.5336863747708922 1.0 0.0 21.44299
1.0613152489236262 -1.299151267560014 2.0 2.0 27.54054
0.5450371518982904 -1.0799023529683864 2.0 2.0 29.99958
1.3789173501057834 1.4015920674808666 2.0 3.0 30.01329
-1.3151541839615837 -0.9809066701359248 1.0 1.0 26.38849
2.1904566827819885 0.15315651955442547 3.0 2.0 30.66075
-3.406248040974973 0.6180151723034206 0.0 0.0 18.62555
-3.7798724626709186 2.0183483682692964 0.0 0.0 18.09079
2.801339794477845 1.690640031016354 3.0 3.0 30.91216
0.7809799893013969 -2.4691169033226212 2.0 2.0 28.71023
1.0677432025883495 -1.7412371514834144 2.0 2.0 27.97052
0.554210625917427 -0.4892664623022958 1.0 2.0 26.92003
1.3895445689563377 -0.46212733565412883 2.0 2.0 28.12711
-0.8550714192678629 0.4835855179290412 1.0 1.0 23.71434
-0.05544906919878887 -0.35988998092281643 2.0 2.0 27.47444
-1.6487368646276956 0.6153549070910912 1.0 1.0 22.692
-2.320076006193513 -0.20561847226024416 0.0 1.0 16.63888
0.3464857326011265 -0.8958204714155242 1.0 2.0 26.98276
-0.4096023811817601 -0.9453691484015178 1.0 2.0 27.1414
-0.8957125602198545 -1.421908948848733 2.0 1.0 28.0915
1.066769931371112 -0.3373835115812015 3.0 2.0 30.40617
-0.5564281836306182 0.8454011462904807 1.0 1.0 25.1173
1.697899058480086 -1.6849646166230874 2.0 2.0 29.67141
2.0590390123844116 1.3718961296984422 3.0 3.0 30.58718
1.7749537395231445 3.4832760231874205 3.0 3.0 31.97818
1.2085490864565729 -2.202832386015174 2.0 2.0 29.22426
1.0830064917651752 -0.3528400178466609 2.0 2.0 29.73256
1.515155578770804 0.3067124256813059 2.0 2.0 29.75156
-2.3972790274241715 -1.7499381115720363 1.0 1.0 26.96347
-2.0793833309600256 0.17240242851750331 0.0 0.0 15.07474
-1.0809981877354244 0.8785992319170988 0.0 1.0 14.45549
1.317284402410568 -1.3837394304923858 2.0 2.0 29.91255
-2.456334227988346 0.2811329849883878 1.0 0.0 26.04145
0.5283173836934565 0.5379133855198258 3.0 2.0 30.69526
-1.1907109831322145 0.5858386686995903 3.0 1.0 30.51376
-3.061597977247706 0.11797742473381079 0.0 0.0 14.50434
1.0534821383250441 1.8284248520260005 3.0 3.0 30.31593
-3.4719862483804285 0.5029847163987906 0.0 0.0 20.23259
0.7063790183669428 -0.8783754927068465 2.0 2.0 29.1242
-0.016169569724355792 -0.5942188825434591 1.0 1.0 26.89203
-1.4161287909566873 -1.334790395080368 1.0 1.0 25.7319
1.8598825981719749 -0.2038428015613132 2.0 2.0 30.1538
0.4644674018430332 -0.3804501039434502 2.0 2.0 29.7971
2.278205328120738 2.758553698228069 3.0 3.0 30.34938
3.082103470468218 -1.6965584754912 2.0 2.0 27.53768
1.3722840559357554 -1.8170227323332906 2.0 2.0 28.39529
2.016382926241397 2.53058335908866 3.0 3.0 32.33363
0.6269478911575348 -0.1139690153249748 3.0 2.0 30.32283
0.4448301987649124 2.9542704403883353 3.0 3.0 30.52785
1.6205303863286455 2.2726527252218607 3.0 3.0 32.62822
2.586702327954053 1.1802047706417598 3.0 3.0 30.7072
-2.73343475513563 0.5240807552966068 0.0 0.0 15.71704
0.7958367783658652 0.06197732990218415 3.0 2.0 31.28096
-2.4442090386091913 0.20697507634485612 0.0 0.0 10.46279
-1.6940335439317666 -1.4420678051707037 1.0 1.0 21.89587
-2.0871173395544895 -0.3488276900309297 1.0 1.0 26.18132
1.8058122723160355 1.1237612854171646 3.0 3.0 30.2471
-1.336260419916157 -0.12217183210864578 1.0 1.0 26.74572
1.8241204133206306 0.2054790952340974 3.0 3.0 30.54905
-2.1629701708359734 -0.32170200023686607 3.0 1.0 34.56431
-1.5001515865651407 0.014970545045406049 0.0 1.0 17.77742
-1.4495870374609297 0.41616741919529243 1.0 1.0 21.73968
-0.3496693276705324 -0.5178406335713841 1.0 2.0 26.26919
1.4335462337689497 -2.746394310976208 2.0 2.0 28.53995
-1.6830636666738807 1.1561885286180311 1.0 0.0 22.53957
1.6406351505772054 -0.46717526265742354 2.0 2.0 29.47218
1.620582422601335 -0.3602956022101528 2.0 2.0 30.16732
0.2846247455998422 1.2270150519224734 3.0 3.0 30.92696
-1.5788647403745588 0.9971324566606458 0.0 0.0 17.74266
-0.1403775746103007 -1.6185773562766081 2.0 2.0 27.30998
-1.5224337547684617 -0.9077940830505045 1.0 1.0 24.54014
2.0491563493653664 -0.4212791426258214 2.0 2.0 30.06965
1.760504805422747 2.487262634719119 3.0 3.0 30.93313
0.872523416365151 3.221702020337655 3.0 3.0 30.33947
-4.51880642633393 0.5870473396654186 0.0 0.0 19.35991
1.1484430800748262 1.5939215152227586 3.0 3.0 31.57783
-1.0008236216200397 0.061117722781347666 1.0 2.0 21.34329
-3.456722625874781 0.8219563955751212 0.0 0.0 16.98094
0.48019527764479725 0.16927392436091934 3.0 1.0 30.59951
-1.8857956930414004 0.06031816577077917 1.0 1.0 22.50961
1.4991843643491134 -0.34878729510426554 3.0 2.0 32.62702
1.6223453788926956 -0.5417879231658592 2.0 2.0 29.82304
-3.4721442350629586 -0.14725404051511312 0.0 0.0 16.91715
1.2037445448305537 2.1140575096037186 3.0 3.0 31.75734
0.6952667862737445 -0.8909601210711523 2.0 2.0 27.69908
1.2025143931479627 -1.8339342913662384 2.0 2.0 27.44986
1.1844675915592193 0.046396182293810324 2.0 3.0 29.59436
